S1-L47-bump-1: blocker line (x 238.7-240.7, y 303-322 pt, away from the badge) median colour; badge centre pixel (242,337)
0.399 (0, 0, 0) (251, 254, 254)
0.416 (0, 0, 0) (251, 254, 254)
0.433 (0, 0, 0) (249, 254, 254)
0.449 (0, 0, 0) (207, 207, 207)
0.466 (12, 0, 3) (219, 218, 231)
0.483 (48, 2, 3) (253, 221, 221)
0.499 (92, 3, 7) (255, 205, 208)
0.516 (142, 4, 10) (251, 135, 141)
0.532 (187, 7, 12) (252, 107, 117)
0.549 (222, 7, 15) (249, 73, 83)
0.566 (237, 8, 17) (247, 47, 56)
0.582 (234, 9, 16) (246, 38, 48)
0.616 (209, 7, 15) (246, 38, 49)
0.632 (188, 7, 14) (246, 38, 49)
0.649 (160, 6, 13) (246, 38, 49)
0.666 (131, 5, 10) (246, 38, 49)
0.682 (102, 4, 5) (246, 38, 49)
0.699 (73, 3, 4) (246, 38, 49)
0.716 (45, 2, 3) (246, 38, 49)
0.732 (23, 1, 2) (246, 38, 49)
0.749 (8, 1, 2) (246, 38, 49)
0.782 (0, 0, 0) (246, 38, 49)
0.799 (0, 0, 0) (245, 51, 61)
0.815 (0, 0, 0) (246, 92, 99)
0.832 (0, 0, 0) (248, 150, 156)
0.849 (0, 0, 0) (252, 203, 208)
0.865 (0, 0, 0) (249, 239, 243)
0.882 (0, 0, 0) (246, 252, 254)
0.899 (0, 0, 0) (247, 253, 254)
0.915 (0, 0, 0) (247, 253, 254)
0.932 (0, 0, 0) (247, 253, 254)
0.948 (0, 0, 0) (247, 253, 254)
0.965 (0, 0, 0) (249, 253, 254)
0.982 (0, 0, 0) (249, 253, 254)
0.998 (0, 0, 0) (249, 253, 254)
