== S1-L47-bump-1.mov (contact frame 0.449)
   vignette, left edge, row-mean RGB at x = 0.2 / 5 / 10 / 20 / 30 / 45 pt from the edge
   0.399  (254,254,254)  (254,254,254)  (254,254,254)  (241,224,198)  (187,196,207)  (187,196,207)
   0.416  (254,254,254)  (254,254,254)  (254,254,254)  (241,224,198)  (187,196,207)  (187,196,207)
   0.433  (254,254,254)  (254,254,254)  (254,254,254)  (241,224,198)  (187,196,207)  (187,196,207)
   0.449  (253,148,148)  (254,161,160)  (254,173,173)  (245,173,150)  (194,164,174)  (188,180,192)
   0.466  (253,148,148)  (254,161,160)  (254,174,174)  (245,175,158)  (200,168,175)  (194,185,192)
   0.483  (254,149,149)  (252,163,161)  (254,175,175)  (244,177,160)  (203,171,178)  (197,187,194)
   0.499  (254,152,153)  (254,166,166)  (253,178,177)  (128,61,83)  (197,168,178)  (191,184,194)
   0.516  (254,157,157)  (254,170,169)  (254,181,182)  (244,178,157)  (196,168,179)  (191,184,195)
   0.532  (254,164,162)  (253,176,175)  (253,186,185)  (244,181,159)  (195,171,180)  (190,184,195)
   0.549  (254,170,171)  (254,181,182)  (254,190,191)  (243,185,164)  (195,172,183)  (190,186,197)
   0.566  (254,176,178)  (253,187,186)  (253,196,195)  (244,187,165)  (194,174,185)  (190,186,199)
   0.582  (254,184,184)  (253,193,193)  (254,202,202)  (244,190,168)  (193,177,186)  (190,187,199)
   0.616  (253,200,200)  (253,207,208)  (253,214,213)  (242,198,175)  (191,181,192)  (189,189,200)
   0.632  (254,208,209)  (254,214,214)  (252,219,218)  (243,202,178)  (191,183,194)  (189,190,201)
   0.649  (254,216,216)  (254,221,220)  (254,225,225)  (243,205,181)  (190,185,196)  (188,191,202)
   0.666  (253,224,224)  (254,227,227)  (254,231,230)  (242,209,184)  (189,187,199)  (188,192,204)
   0.682  (254,231,230)  (253,234,234)  (254,236,236)  (242,212,188)  (189,190,201)  (188,193,205)
   0.699  (254,237,237)  (253,239,238)  (254,241,242)  (242,216,191)  (188,191,202)  (187,194,206)
   0.716  (254,242,243)  (254,244,244)  (254,245,245)  (242,218,192)  (188,193,205)  (186,194,206)
   0.732  (254,246,246)  (254,248,247)  (254,249,250)  (242,220,195)  (187,194,206)  (187,195,207)
   0.749  (254,251,252)  (253,252,252)  (253,252,252)  (241,222,196)  (187,195,207)  (187,196,207)
   0.782  (254,254,254)  (254,254,254)  (254,254,254)  (242,224,198)  (187,196,208)  (186,196,208)
   0.799  (254,254,254)  (254,254,254)  (254,254,254)  (242,224,198)  (187,196,208)  (187,196,208)
   0.815  (254,254,254)  (254,254,254)  (254,254,254)  (242,224,198)  (187,196,208)  (187,196,208)
   0.832  (254,254,254)  (254,254,254)  (254,254,254)  (242,224,198)  (187,196,208)  (187,196,208)
   0.849  (254,254,254)  (254,254,254)  (254,254,254)  (242,224,198)  (187,196,208)  (187,196,208)
   0.865  (254,254,254)  (254,254,254)  (254,254,254)  (242,224,198)  (187,196,208)  (187,196,208)
   0.882  (254,254,254)  (254,254,254)  (254,254,254)  (242,224,198)  (187,196,208)  (187,196,208)
   0.899  (254,254,254)  (254,254,254)  (254,254,254)  (242,224,198)  (187,196,208)  (187,196,208)
   heart 3 region x 262-322, y 66-156 pt: red px (R>190,G<110) count/9 = pt^2, centroid, bbox (pt)
   0.399   437.7  c=(286.0,92.1)  x 262.0-300.0  y 82.7-103.3
   0.416   437.6  c=(286.0,92.1)  x 262.0-300.0  y 82.7-103.3
   0.433   437.4  c=(286.0,92.1)  x 262.0-300.0  y 82.7-103.3
   0.449   383.1  c=(286.1,92.3)  x 262.0-300.3  y 82.7-104.3
   0.466   384.3  c=(286.1,90.5)  x 262.0-301.0  y 80.7-102.0
   0.483   387.2  c=(286.2,88.9)  x 262.0-301.7  y 79.0-100.0
   0.499   388.1  c=(286.3,87.6)  x 262.0-302.7  y 77.7-98.3
   0.516   387.3  c=(286.3,86.6)  x 262.0-303.3  y 76.7-97.0
   0.532   388.1  c=(286.4,85.8)  x 262.0-304.0  y 75.7-96.3
   0.549   390.9  c=(286.5,85.3)  x 262.0-305.0  y 75.3-96.3
   0.566   391.3  c=(286.6,85.1)  x 262.0-305.7  y 75.0-95.7
   0.582   390.8  c=(286.7,85.1)  x 262.0-306.3  y 75.0-95.7
   0.616   392.9  c=(286.9,86.1)  x 262.0-308.0  y 76.0-95.7
   0.632   392.0  c=(286.9,86.9)  x 262.0-308.7  y 77.0-95.7
   0.649   389.3  c=(287.1,88.1)  x 262.0-309.3  y 78.3-96.0
   0.666   386.2  c=(287.4,89.5)  x 262.0-310.0  y 79.3-97.0
   0.682   380.8  c=(287.7,91.2)  x 262.0-310.7  y 81.3-98.7
   0.699   378.3  c=(288.0,93.3)  x 262.0-311.3  y 83.0-100.7
   0.716   377.3  c=(288.0,95.5)  x 262.0-312.0  y 84.0-102.7
   0.732   381.1  c=(287.8,98.0)  x 262.0-312.7  y 84.0-105.0
   0.749   383.4  c=(287.6,100.7)  x 262.0-313.3  y 84.0-108.0
   0.782   345.4  c=(287.6,106.8)  x 262.0-314.7  y 84.0-114.7
   0.799   286.8  c=(289.7,109.5)  x 262.0-315.3  y 84.0-117.0
   0.815   252.3  c=(291.8,113.7)  x 262.0-316.0  y 84.0-122.7
   0.832   200.8  c=(288.7,118.0)  x 262.0-316.3  y 84.0-127.0
   0.849    27.9  c=(264.9,96.6)  x 262.0-309.3  y 84.0-121.7
   0.865    21.6  c=(262.8,89.6)  x 262.0-264.3  y 84.0-96.0
   0.882    21.6  c=(262.8,89.6)  x 262.0-264.3  y 84.0-96.0
   0.899    21.6  c=(262.8,89.6)  x 262.0-264.3  y 84.0-96.0
   0.915    21.6  c=(262.8,89.6)  x 262.0-264.3  y 84.0-96.0
   0.932    21.6  c=(262.8,89.6)  x 262.0-264.3  y 84.0-96.0
   0.948    21.6  c=(262.8,89.6)  x 262.0-264.3  y 84.0-96.0
   0.965    21.7  c=(262.9,89.6)  x 262.0-264.3  y 84.0-96.3
   0.982    21.7  c=(262.9,89.6)  x 262.0-264.3  y 84.0-96.3
   0.998    21.7  c=(262.9,89.6)  x 262.0-264.3  y 84.0-96.3
   1.015    21.7  c=(262.9,89.6)  x 262.0-264.3  y 84.0-96.3
   1.032    21.7  c=(262.9,89.6)  x 262.0-264.3  y 84.0-96.3
   1.048    21.7  c=(262.9,89.6)  x 262.0-264.3  y 84.0-96.3
== S1-L48-bump-2.mov (contact frame 0.4)
   vignette, left edge, row-mean RGB at x = 0.2 / 5 / 10 / 20 / 30 / 45 pt from the edge
   0.350  (254,254,254)  (254,254,254)  (254,254,254)  (250,250,250)  (164,164,164)  (97,97,97)
   0.366  (254,254,254)  (254,254,254)  (254,254,254)  (250,250,250)  (164,164,164)  (97,97,97)
   0.383  (254,254,254)  (254,254,254)  (254,254,254)  (250,250,250)  (164,164,164)  (97,97,97)
   0.400  (253,148,148)  (254,161,160)  (254,174,174)  (231,174,174)  (225,188,188)  (249,235,235)
   0.416  (253,148,148)  (253,162,160)  (254,174,174)  (254,197,196)  (170,132,132)  (108,91,92)
   0.433  (254,149,149)  (254,163,163)  (254,175,175)  (253,197,197)  (177,139,139)  (74,59,58)
   0.449  (254,152,153)  (253,165,165)  (253,178,177)  (228,174,175)  (223,188,187)  (254,239,238)
   0.466  (253,158,157)  (254,170,169)  (254,181,182)  (251,199,200)  (176,142,141)  (106,91,91)
   0.483  (253,164,162)  (254,175,175)  (254,185,185)  (251,202,202)  (176,144,143)  (106,91,92)
   0.499  (254,170,169)  (254,182,180)  (254,190,191)  (251,206,207)  (175,145,145)  (105,92,93)
   0.516  (254,177,176)  (253,187,186)  (253,196,195)  (251,209,210)  (174,146,146)  (105,92,93)
   0.533  (254,184,184)  (254,193,193)  (254,202,202)  (251,213,213)  (173,148,147)  (103,93,94)
   0.549  (254,191,192)  (253,200,200)  (254,208,209)  (251,218,217)  (172,151,150)  (103,93,94)
   0.566  (254,201,201)  (254,207,208)  (254,213,213)  (250,222,221)  (172,152,152)  (102,93,94)
   0.583  (254,208,209)  (254,214,214)  (252,219,218)  (251,226,224)  (170,154,153)  (102,94,94)
   0.599  (254,216,216)  (254,221,220)  (254,225,225)  (250,229,229)  (169,155,156)  (101,94,95)
   0.616  (253,224,224)  (254,229,228)  (254,231,230)  (250,234,233)  (168,157,157)  (100,95,96)
   0.633  (254,231,230)  (253,234,234)  (254,237,237)  (250,237,238)  (167,159,159)  (99,95,97)
   0.649  (254,237,237)  (254,239,238)  (254,241,242)  (250,241,241)  (166,161,160)  (99,96,97)
   0.666  (254,242,243)  (254,244,244)  (254,245,245)  (250,244,243)  (166,162,163)  (97,96,97)
   0.682  (254,248,247)  (254,248,247)  (254,249,250)  (250,247,248)  (165,163,163)  (97,96,97)
   0.699  (254,251,252)  (253,252,252)  (253,252,252)  (249,248,248)  (165,164,164)  (98,97,98)
   0.716  (254,253,253)  (254,253,253)  (254,253,253)  (250,250,250)  (165,165,164)  (97,97,98)
   0.732  (254,254,254)  (254,254,254)  (254,254,254)  (250,250,250)  (165,165,164)  (97,97,98)
   0.749  (254,254,254)  (254,254,254)  (254,254,254)  (250,250,250)  (165,165,164)  (97,97,98)
   0.766  (254,254,254)  (254,254,254)  (254,254,254)  (250,250,250)  (165,165,164)  (97,97,98)
   0.782  (254,254,254)  (254,254,254)  (254,254,254)  (250,250,250)  (165,165,164)  (97,97,98)
   0.799  (254,254,254)  (254,254,254)  (254,254,254)  (250,250,250)  (165,165,164)  (97,97,98)
   0.816  (254,254,254)  (254,254,254)  (254,254,254)  (250,250,250)  (165,165,164)  (97,97,98)
   0.832  (254,254,254)  (254,254,254)  (254,254,254)  (250,250,250)  (165,165,164)  (97,97,98)
   0.849  (254,254,254)  (254,254,254)  (254,254,254)  (250,250,250)  (165,165,164)  (97,97,98)
   heart 3 region x 262-322, y 66-156 pt: red px (R>190,G<110) count/9 = pt^2, centroid, bbox (pt)
   0.350   437.0  c=(286.1,92.2)  x 262.0-300.0  y 82.7-103.7
   0.366   437.0  c=(286.1,92.2)  x 262.0-300.0  y 82.7-103.7
   0.383   437.0  c=(286.1,92.2)  x 262.0-300.0  y 82.7-103.7
   0.400   383.6  c=(286.1,92.3)  x 262.0-300.3  y 82.7-104.3
   0.416   384.9  c=(286.2,90.5)  x 262.0-301.0  y 80.7-102.0
   0.433   385.9  c=(286.3,88.9)  x 262.0-301.7  y 79.0-100.0
   0.449   386.7  c=(286.3,87.6)  x 262.0-302.7  y 77.7-98.3
   0.466   386.4  c=(286.4,86.6)  x 262.0-303.3  y 76.7-97.0
   0.483   387.9  c=(286.4,85.8)  x 262.0-304.0  y 75.7-96.0
   0.499   390.4  c=(286.6,85.3)  x 262.0-305.0  y 75.3-96.0
   0.516   390.8  c=(286.6,85.1)  x 262.0-305.7  y 75.0-96.0
   0.533   389.3  c=(286.7,85.1)  x 262.0-306.3  y 75.0-96.0
   0.549   392.3  c=(286.8,85.5)  x 262.0-307.3  y 75.3-96.0
   0.566   393.7  c=(286.8,86.1)  x 262.0-308.0  y 76.0-96.0
   0.583   390.3  c=(286.9,86.9)  x 262.0-308.7  y 77.0-96.0
   0.599   389.2  c=(287.0,88.1)  x 262.0-309.3  y 78.3-96.0
   0.616   385.0  c=(287.4,89.5)  x 262.0-310.0  y 79.3-97.0
   0.633   381.4  c=(287.7,91.2)  x 262.0-310.7  y 81.0-98.7
   0.649   375.7  c=(287.9,93.2)  x 262.0-311.3  y 83.3-100.7
   0.666   376.0  c=(288.0,95.5)  x 262.0-312.0  y 84.0-102.7
   0.682   379.4  c=(287.8,98.0)  x 262.0-312.7  y 84.0-105.0
   0.699   382.0  c=(287.6,100.7)  x 262.0-313.3  y 84.0-108.0
   0.716   369.0  c=(287.6,103.7)  x 262.0-314.0  y 84.0-111.0
   0.732   343.2  c=(287.7,106.7)  x 262.0-314.7  y 84.0-114.7
   0.749   285.7  c=(290.0,109.5)  x 262.0-315.3  y 84.0-117.3
   0.766   252.8  c=(291.9,113.7)  x 262.0-316.0  y 84.0-122.7
   0.782   200.8  c=(288.6,118.1)  x 262.0-316.3  y 84.0-127.0
   0.799    28.1  c=(264.9,96.6)  x 262.0-309.0  y 84.0-122.0
   0.816    21.7  c=(262.9,89.6)  x 262.0-264.3  y 84.0-96.0
   0.832    21.8  c=(262.9,89.6)  x 262.0-264.3  y 84.0-96.0
   0.849    21.7  c=(262.9,89.6)  x 262.0-264.3  y 84.0-96.0
   0.866    21.8  c=(262.9,89.6)  x 262.0-264.3  y 84.0-96.0
   0.882    21.8  c=(262.9,89.6)  x 262.0-264.3  y 84.0-96.0
   0.899    21.9  c=(262.9,89.6)  x 262.0-264.3  y 84.0-96.0
   0.915    21.8  c=(262.9,89.6)  x 262.0-264.3  y 84.0-96.0
   0.932    21.8  c=(262.9,89.6)  x 262.0-264.3  y 84.0-96.0
   0.949    21.4  c=(262.9,89.6)  x 262.0-264.3  y 84.3-96.0
   0.965    21.6  c=(262.9,89.5)  x 262.0-264.3  y 84.0-96.0
   0.982    21.6  c=(262.9,89.5)  x 262.0-264.3  y 84.0-96.0
   0.999    21.8  c=(262.9,89.6)  x 262.0-264.3  y 84.0-96.0
