== S1-L47-bump-1.mov L47 arrow 27 dir left pitch 17.87 cells 3 body 35.74 pt; s = pt along the path from the tail cell centre (head cell centre at s = 35.74)
   rest: tail edge s=-2.65, head tip s=42.85 (tip beyond head centre 7.11 pt = 0.398 pitch), blocker near edge s=106.85, gap 64.00 pt = 3.58 cells
   t      tail_s  head_s  disp(tail)  bodyRGB       blockerRGB    Rgreen(edgeR) Lgreen(edgeL) heartRedPx cy
   0.216   -2.65   42.85    0.00  (0, 0, 0)  (2, 1, 3)    147    254   7495   92.5
   0.233   -2.65   42.85    0.00  (0, 0, 0)  (2, 1, 3)    147    254   7486   92.5
   0.250   -2.65   42.85    0.00  (0, 0, 0)  (2, 1, 3)    147    254   7498   92.5
   0.266   -2.65   42.85    0.00  (0, 0, 0)  (2, 1, 3)    147    254   7498   92.5
   0.283   -2.65   42.85    0.00  (0, 0, 0)  (2, 1, 3)    147    254   7498   92.5
   0.300    8.35   49.85   11.00  (0, 0, 0)  (2, 1, 3)    147    254   7495   92.5
   0.316   13.60   56.60   16.25  (0, 0, 0)  (2, 1, 3)    147    254   7497   92.5
   0.349   25.10   70.10   27.75  (0, 0, 0)  (2, 1, 3)    147    254   7499   92.5
   0.366   32.10   77.10   34.75  (0, 0, 0)  (2, 1, 3)    147    254   7497   92.5
   0.383   38.85   84.10   41.50  (0, 0, 0)  (2, 1, 3)    147    254   7497   92.5
   0.399   45.85   91.10   48.50  (0, 0, 0)  (2, 1, 3)    147    254   7495   92.5
   0.416   52.85   97.85   55.50  (0, 0, 0)  (2, 1, 3)    147    254   7497   92.5
   0.433   59.60  104.85   62.25  (0, 0, 0)  (2, 1, 4)    147    254   7495   92.5
   0.449   60.85  105.85   63.50  (0, 0, 0)  (0, 0, 0)     85    149   7497   92.5
   0.466   49.85   94.10   52.50  (13, 0, 0)  (117, 117, 130)     86    149   7498   92.5
   0.483   35.85   79.60   38.50  (30, 5, 6)  (106, 47, 48)     86    150   7500   92.5
   0.499   23.85   71.60   26.50  (93, 2, 7)  (250, 187, 190)     88    153   7498   92.5
   0.516   16.60   60.60   19.25  (140, 5, 10)  (167, 22, 32)     91    158   7493   92.5
   0.532   10.85   53.85   13.50  (190, 33, 35)  (208, 27, 40)     95    164   7494   92.5
   0.549    3.85   48.85    6.50  (221, 26, 31)  (235, 35, 48)     98    171   7495   92.5
   0.566    0.60   45.85    3.25  (235, 19, 29)  (242, 37, 46)    102    177   7521   92.5
   0.582   -1.40   43.85    1.25  (237, 10, 19)  (243, 35, 45)    108    185   7570   92.4
   0.616   -2.65   42.85    0.00  (237, 9, 19)  (243, 35, 46)    116    201   7704   92.3
   0.632   -2.65   42.85    0.00  (238, 8, 19)  (243, 35, 46)    121    208   7769   92.3
   0.649   -2.65   42.85    0.00  (238, 8, 19)  (243, 35, 46)    125    216   7831   92.3
   0.666   -2.65   42.85    0.00  (238, 8, 19)  (241, 35, 46)    130    224   7879   92.3
   0.682   -2.65   42.85    0.00  (238, 8, 19)  (241, 35, 46)    134    231   7914   92.4
   0.699   -2.65   42.85    0.00  (238, 8, 19)  (241, 35, 46)    138    237   7960   92.5
   0.716   -2.65   42.85    0.00  (237, 9, 19)  (241, 35, 46)    141    242   8027   92.7
   0.732   -2.65   42.85    0.00  (237, 9, 19)  (241, 35, 46)    143    246   8104   92.9
   0.749   -2.65   42.85    0.00  (237, 9, 19)  (241, 35, 46)    146    251   8167   93.2
   0.782   -2.65   42.85    0.00  (237, 9, 19)  (241, 35, 46)    147    254   8195   93.8
   0.799   -2.65   42.85    0.00  (237, 9, 19)  (228, 36, 47)    147    254   8060   93.8
   0.815   -2.65   42.85    0.00  (237, 9, 19)  (183, 29, 38)    147    254   7988   93.9
   0.832   -2.65   42.85    0.00  (237, 9, 19)  (119, 16, 23)    147    254   7732   93.4
   0.849   -2.65   42.85    0.00  (237, 9, 19)  (54, 6, 8)    147    254   7581   92.8
   0.865   -2.65   42.85    0.00  (237, 9, 19)  (19, 2, 5)    147    254   7503   92.5
   0.882   -2.65   42.85    0.00  (237, 9, 19)  (2, 1, 2)    147    254   7505   92.5
   0.899   -2.65   42.85    0.00  (237, 9, 19)  (2, 0, 2)    147    254   7503   92.5
   0.915   -2.65   42.85    0.00  (237, 9, 19)  (2, 0, 2)    147    254   7505   92.5
   0.932   -2.65   42.85    0.00  (237, 9, 19)  (2, 0, 2)    147    254   7503   92.5
   0.948   -2.65   42.85    0.00  (237, 9, 19)  (2, 0, 2)    147    254   7504   92.5
   0.965   -2.65   42.85    0.00  (237, 9, 17)  (0, 1, 2)    147    254   7498   92.5
   0.982   -2.65   42.85    0.00  (237, 9, 17)  (0, 1, 2)    147    254   7501   92.5
   0.998   -2.65   42.85    0.00  (237, 9, 17)  (0, 1, 2)    147    254   7499   92.5
   1.015   -2.65   42.85    0.00  (237, 9, 17)  (0, 1, 2)    147    254   7501   92.5
   1.032   -2.65   42.85    0.00  (237, 9, 17)  (0, 1, 2)    147    254   7498   92.5
   1.048   -2.65   42.85    0.00  (237, 9, 17)  (0, 1, 2)    147    254   7497   92.5
   1.065   -2.65   42.85    0.00  (237, 9, 17)  (0, 1, 2)    147    254   7498   92.5
   1.082   -2.65   42.85    0.00  (238, 9, 17)  (0, 1, 2)    147    254   7497   92.5
   1.098   -2.65   42.85    0.00  (238, 9, 17)  (2, 2, 3)    147    254   7491   92.5
   1.115   -2.65   42.85    0.00  (238, 9, 17)  (2, 2, 3)    147    254   7482   92.5
   1.131   -2.65   42.85    0.00  (238, 9, 17)  (2, 2, 3)    147    254   7484   92.5
   1.148   -2.65   42.85    0.00  (238, 9, 17)  (2, 2, 3)    147    254   7481   92.5
   1.181   -2.65   42.85    0.00  (238, 9, 17)  (2, 2, 3)    147    254   7490   92.5
   1.198   -2.65   42.85    0.00  (238, 9, 17)  (2, 2, 3)    147    254   7482   92.5
== S1-L48-bump-2.mov L48 arrow 15 dir right pitch 17.87 cells 8 body 125.09 pt; s = pt along the path from the tail cell centre (head cell centre at s = 125.09)
   rest: tail edge s=-1.90, head tip s=132.35 (tip beyond head centre 7.26 pt = 0.406 pitch), blocker near edge s=156.60, gap 24.25 pt = 1.36 cells
   t      tail_s  head_s  disp(tail)  bodyRGB       blockerRGB    Rgreen(edgeR) Lgreen(edgeL) heartRedPx cy
   0.200   -1.90  132.35    0.00  (0, 0, 0)  (0, 0, 0)    147    254   7510   92.5
   0.216   -1.90  132.35    0.00  (0, 0, 0)  (0, 0, 0)    147    254   7517   92.5
   0.233   -1.90  132.35    0.00  (0, 0, 0)  (0, 0, 0)    147    254   7517   92.5
   0.250   -1.90  132.35    0.00  (0, 0, 0)  (0, 0, 0)    147    254   7523   92.5
   0.266   -1.90  132.35    0.00  (0, 0, 0)  (0, 0, 0)    147    254   7520   92.5
   0.283    1.85   27.85    3.75  (0, 0, 0)  (0, 0, 0)    147    254   7522   92.5
   0.300    5.60   25.60    7.50  (0, 0, 0)  (0, 0, 0)    147    254   7518   92.5
   0.316    9.35   24.10   11.25  (0, 0, 0)  (0, 0, 0)    147    254   7519   92.5
   0.333   13.35   23.10   15.25  (0, 0, 0)  (0, 0, 0)    147    254   7517   92.5
   0.350   16.85   27.35   18.75  (2, 2, 2)  (0, 0, 0)    147    254   7519   92.5
   0.366   21.35   27.35   23.25  (0, 0, 0)  (0, 0, 0)    147    254   7520   92.5
   0.383   24.85   27.60   26.75  (0, 0, 0)  (0, 0, 0)    147    254   7519   92.5
   0.400   23.60  156.10   25.50  (0, 0, 0)  (0, 0, 0)     85    149   7517   92.5
   0.416   19.10  152.85   21.00  (10, 1, 1)  (210, 201, 201)     86    149   7516   92.5
   0.433    6.85   34.35    8.75  (100, 75, 78)  (183, 132, 136)     86    150   7509   92.6
   0.449   34.35  137.85   36.25  (92, 3, 7)  (141, 13, 20)     89    153   7512   92.5
   0.466    1.85  136.10    3.75  (142, 4, 13)  (191, 21, 27)     92    159   7502   92.5
   0.483   -0.15  133.85    1.75  (187, 6, 13)  (221, 27, 38)     95    165   7503   92.5
   0.499   -1.40  132.85    0.50  (221, 6, 18)  (237, 29, 41)     99    171   7498   92.5
   0.516   -1.65  132.35    0.25  (237, 7, 18)  (213, 30, 41)    102    178   7522   92.5
   0.533   -1.90  132.35    0.00  (237, 7, 18)  (212, 32, 41)    108    186   7565   92.4
   0.549   -1.90  132.35    0.00  (237, 8, 18)  (212, 32, 41)    112    193   7628   92.4
   0.566   -1.90  132.35    0.00  (237, 7, 18)  (212, 32, 41)    116    201   7696   92.3
   0.583   -1.90  132.35    0.00  (237, 6, 18)  (212, 32, 41)    121    208   7768   92.3
   0.599   -1.90  132.35    0.00  (237, 6, 18)  (212, 32, 41)    125    216   7831   92.3
   0.616   -1.90  132.35    0.00  (237, 6, 18)  (212, 32, 41)    130    224   7873   92.3
   0.633   -1.90  132.35    0.00  (237, 6, 18)  (212, 32, 41)    134    231   7911   92.4
   0.649   -1.90  132.35    0.00  (237, 6, 18)  (212, 32, 41)    138    237   7949   92.5
   0.666   -1.90  132.35    0.00  (237, 6, 18)  (212, 32, 41)    141    242   8022   92.7
   0.682   -1.90  132.35    0.00  (237, 6, 18)  (212, 32, 41)    144    248   8090   92.9
   0.699   -1.90  132.35    0.00  (237, 6, 18)  (212, 32, 41)    146    251   8160   93.2
   0.716   -1.90  132.35    0.00  (237, 6, 18)  (212, 32, 41)    147    253   8207   93.6
   0.732   -1.90  132.35    0.00  (237, 6, 18)  (212, 32, 41)    147    254   8192   93.8
   0.749   -1.90  132.35    0.00  (237, 6, 18)  (194, 26, 36)    147    254   8035   93.8
   0.766   -1.90  132.35    0.00  (237, 6, 18)  (131, 5, 11)    147    254   7979   93.9
   0.782   -1.90  132.35    0.00  (237, 6, 18)  (93, 4, 8)    147    254   7735   93.4
   0.799   -1.90  132.35    0.00  (237, 6, 18)  (43, 1, 2)    147    254   7578   92.8
   0.816   -1.90  132.35    0.00  (237, 6, 18)  (6, 0, 1)    147    254   7498   92.5
   0.832   -1.90  132.35    0.00  (237, 6, 18)  (0, 0, 0)    147    254   7499   92.5
   0.849   -1.90  132.35    0.00  (237, 6, 18)  (0, 0, 0)    147    254   7498   92.5
   0.866   -1.90  132.35    0.00  (237, 6, 18)  (0, 0, 0)    147    254   7500   92.5
   0.882   -1.90  132.35    0.00  (237, 6, 18)  (0, 0, 0)    147    254   7498   92.5
   0.899   -1.90  132.35    0.00  (237, 6, 18)  (0, 0, 0)    147    254   7499   92.5
   0.915   -1.90  132.35    0.00  (237, 6, 18)  (0, 0, 0)    147    254   7498   92.5
   0.932   -1.90  132.35    0.00  (237, 6, 18)  (0, 0, 0)    147    254   7499   92.5
   0.949   -1.90  132.35    0.00  (236, 6, 18)  (0, 0, 0)    147    254   7497   92.5
   0.965   -1.90  132.35    0.00  (236, 6, 18)  (0, 0, 0)    147    254   7500   92.5
   0.982   -1.90  132.35    0.00  (236, 6, 18)  (0, 0, 0)    147    254   7500   92.5
   0.999   -1.90  132.35    0.00  (239, 6, 17)  (0, 0, 0)    147    254   7486   92.5
   1.015   -1.90  132.35    0.00  (239, 6, 17)  (0, 0, 0)    147    254   7488   92.5
   1.032   -1.90  132.35    0.00  (239, 6, 17)  (0, 0, 0)    147    254   7493   92.5
   1.049   -1.90  132.35    0.00  (239, 6, 17)  (0, 0, 0)    147    254   7495   92.5
   1.065   -1.90  132.35    0.00  (239, 6, 17)  (0, 0, 0)    147    254   7493   92.5
   1.082   -1.90  132.35    0.00  (239, 6, 17)  (0, 0, 0)    147    254   7485   92.5
   1.099   -1.90  132.35    0.00  (239, 6, 17)  (0, 0, 0)    147    254   7483   92.5
   1.115   -1.90  132.35    0.00  (239, 6, 17)  (0, 0, 0)    147    254   7487   92.5
   1.132   -1.90  132.35    0.00  (239, 6, 17)  (0, 0, 0)    147    254   7483   92.5
   1.148   -1.90  132.35    0.00  (239, 6, 17)  (0, 0, 0)    147    254   7486   92.5
   1.165   -1.90  132.35    0.00  (239, 6, 17)  (0, 0, 0)    147    254   7483   92.5
   1.182   -1.90  132.35    0.00  (239, 6, 17)  (0, 0, 0)    147    254   7486   92.5
   1.198   -1.90  132.35    0.00  (239, 6, 17)  (0, 0, 0)    147    254   7482   92.5
