== L52-c: S1-L52-three-exits.mov L52 arrow 0 dir down cells 42 body 1074.16 pt pitch 26.199 ; board offset (+1.5,-1.0) pt, body dark coverage 0.995
   rest head tip s=1086.02 (beyond head centre 11.86 pt = 0.453 pitch), tail edge s=-4.98; ray visible until s=1319.3 (then HUD/booster/screen edge)
   t      head_s   tail_s   dhead_pt  dtail_pt  headRGB
   0.000  1086.02    -4.98     0.00     0.00  (0, 0, 0)
   0.017  1086.02    -4.98     0.00     0.00  (0, 0, 0)
   0.033  1086.02    -4.98     0.00     0.00  (0, 0, 0)
   0.050  1086.02    -4.98     0.00     0.00  (0, 0, 0)
   0.067  1086.02    -4.98     0.00     0.00  (0, 0, 0)
   0.083  1086.02    -4.98     0.00     0.00  (0, 0, 0)
   0.100  1086.02    -4.98     0.00     0.00  (0, 0, 0)
   0.116  1086.02    -4.98     0.00     0.00  (0, 0, 0)
   0.133  1086.02    -4.98     0.00     0.00  (0, 0, 0)
   0.150  1086.02    -4.98     0.00     0.00  (0, 0, 0)
   0.166  1086.02    -4.98     0.00     0.00  (0, 0, 0)
   0.183  1086.02    -4.98     0.00     0.00  (0, 0, 0)
   0.200  1086.02    -4.98     0.00     0.00  (0, 0, 0)
   0.216  1086.02    -4.98     0.00     0.00  (0, 0, 0)
   0.233  1086.02    -4.98     0.00     0.00  (0, 0, 0)
   0.250  1086.02    -4.98     0.00     0.00  (0, 0, 0)
   0.266  1086.02    -4.98     0.00     0.00  (0, 0, 0)
   0.283  1086.02    -4.98     0.00     0.00  (0, 0, 0)
   0.300  1086.02    -4.98     0.00     0.00  (0, 0, 0)
   0.316  1086.02    -4.98     0.00     0.00  (0, 0, 0)
   0.333  1086.02    -4.98     0.00     0.00  (0, 0, 0)
   0.349  1086.02    -4.98     0.00     0.00  (0, 0, 0)
   0.366  1086.02    -4.98     0.00     0.00  (0, 0, 0)
   0.383  1086.02    -4.98     0.00     0.00  (0, 0, 0)
   0.399  1086.02    -4.98     0.00     0.00  (0, 0, 0)
   0.416  1086.02    -4.98     0.00     0.00  (0, 0, 0)
   0.433  1086.02    -4.98     0.00     0.00  (0, 0, 0)
   0.449  1086.02    -4.98     0.00     0.00  (0, 0, 0)
   0.466  1086.02    -4.98     0.00     0.00  (0, 0, 0)
   0.483  1086.02    -4.98     0.00     0.00  (0, 0, 0)
   0.499  1086.02    -4.98     0.00     0.00  (0, 0, 0)
   0.516  1086.02    -4.98     0.00     0.00  (0, 0, 0)
   0.532  1086.02    -4.98     0.00     0.00  (0, 0, 0)
   0.549  1086.02    -4.98     0.00     0.00  (0, 0, 0)
   0.566  1086.02    -4.98     0.00     0.00  (0, 0, 0)
   0.582  1086.02    -4.98     0.00     0.00  (0, 0, 0)
   0.599  1086.02    -4.98     0.00     0.00  (0, 0, 0)
   0.616  1086.02    -4.98     0.00     0.00  (0, 0, 0)
   0.632  1086.02    -4.98     0.00     0.00  (0, 0, 0)
   0.649  1086.02    -4.98     0.00     0.00  (0, 0, 0)
   0.666  1086.02    -4.98     0.00     0.00  (0, 0, 0)
   0.682  1086.02    -4.98     0.00     0.00  (0, 0, 0)
   0.699  1086.02    -4.98     0.00     0.00  (0, 0, 0)
   0.716  1086.02    -4.98     0.00     0.00  (0, 0, 0)
   0.732  1086.02    -4.98     0.00     0.00  (0, 0, 0)
   0.749  1086.02    -4.98     0.00     0.00  (0, 0, 0)
   0.766  1086.02    -4.98     0.00     0.00  (0, 0, 0)
   0.782  1086.02    -4.98     0.00     0.00  (0, 0, 0)
   0.799  1086.02    -4.98     0.00     0.00  (0, 0, 0)
   0.816  1086.02    -4.98     0.00     0.00  (0, 0, 0)
   0.832  1086.02    -4.98     0.00     0.00  (0, 0, 0)
   0.849  1086.02    -4.98     0.00     0.00  (0, 0, 0)
   0.865  1086.02    -4.98     0.00     0.00  (0, 0, 0)
   0.882  1086.02    -4.98     0.00     0.00  (0, 0, 0)
   0.899  1086.02    -4.98     0.00     0.00  (0, 0, 0)
   0.915  1086.02    -4.98     0.00     0.00  (0, 0, 0)
   0.932  1086.02    -4.98     0.00     0.00  (0, 0, 0)
   0.949  1086.02    -4.98     0.00     0.00  (0, 0, 0)
   0.965  1086.02    -4.98     0.00     0.00  (0, 0, 0)
   0.982  1086.02    -4.98     0.00     0.00  (0, 0, 0)
   0.999  1086.02    -4.98     0.00     0.00  (0, 0, 0)
   1.015  1086.02    -4.98     0.00     0.00  (0, 0, 0)
   1.032  1086.02    -4.98     0.00     0.00  (0, 0, 0)
   1.049  1086.02    -4.98     0.00     0.00  (0, 0, 0)
   1.065  1086.02    -4.98     0.00     0.00  (0, 0, 0)
   1.082  1086.02    -4.98     0.00     0.00  (0, 0, 0)
   1.098  1086.02    -4.98     0.00     0.00  (0, 0, 0)
   1.115  1086.02    -4.98     0.00     0.00  (0, 0, 0)
   1.132  1086.02    -4.98     0.00     0.00  (0, 0, 0)
   1.148  1086.02    -4.98     0.00     0.00  (0, 0, 0)
   1.165  1086.02    -4.98     0.00     0.00  (0, 0, 0)
   1.182  1086.02    -4.98     0.00     0.00  (0, 0, 0)
   1.198  1086.02    -4.98     0.00     0.00  (0, 0, 0)
   1.215  1086.02    -4.98     0.00     0.00  (0, 0, 0)
   1.232  1086.02    -4.98     0.00     0.00  (0, 0, 0)
   1.248  1086.02    -4.98     0.00     0.00  (0, 0, 0)
   1.265  1086.02    -4.98     0.00     0.00  (0, 0, 0)
   1.282  1086.02    -4.98     0.00     0.00  (0, 0, 0)
   1.298  1086.02    -4.98     0.00     0.00  (0, 0, 0)
   1.315  1086.02    -4.98     0.00     0.00  (0, 0, 0)
   1.331  1086.02    -4.98     0.00     0.00  (0, 0, 0)
   1.348  1086.02    -4.98     0.00     0.00  (0, 0, 0)
   1.365  1086.02    -4.98     0.00     0.00  (0, 0, 0)
   1.381  1086.02    -4.98     0.00     0.00  (0, 0, 0)
   1.398  1090.02    -0.98     4.00     4.00  (7, 154, 255)
   1.415  1095.02     4.02     9.00     9.00  (2, 168, 254)
   1.431  1101.77    13.02    15.75    18.00  (4, 184, 248)
   1.448  1109.02    22.02    23.00    27.00  (2, 157, 253)
   1.465  1117.77    29.27    31.75    34.25  (57, 114, 255)
   1.481  1127.77    41.27    41.75    46.25  (123, 60, 252)
   1.498  1138.77    49.52    52.75    54.50  (185, 8, 254)
   1.514  1150.77    56.27    64.75    61.25  (169, 18, 255)
   1.531  1163.27    62.52    77.25    67.50  (136, 48, 255)
   1.548  1177.02    64.02    91.00    69.00  (52, 117, 255)
   1.564  1191.77    65.02   105.75    70.00  (1, 172, 253)
   1.581  1207.02    66.02   121.00    71.00  (6, 151, 255)
   1.598  1223.02    67.02   137.00    72.00  (40, 128, 255)
   1.614  1240.02    68.02   154.00    73.00  (102, 80, 255)
   1.631  1257.77    43.77   171.75    48.75  (187, 2, 253)
   1.648  1275.77    43.52   189.75    48.50  (115, 66, 255)
   1.664  1294.77    74.27   208.75    79.25  (43, 124, 255)
   1.681  1314.02    75.02   228.00    80.00  (1, 183, 251)
   1.698  1319.02    75.27   233.00    80.25  (0, 171, 254)
   1.714  1319.02   108.27   233.00   113.25  (0, 169, 253)
   1.731  1319.02   109.02   233.00   114.00  (0, 167, 255)
   1.747  1319.02   223.52   233.00   228.50  (1, 164, 254)
   1.764  1319.02   224.27   233.00   229.25  (0, 163, 255)
   1.781  1319.02   224.77   233.00   229.75  (0, 162, 254)
   1.797  1319.02   225.52   233.00   230.50  (1, 159, 255)
   1.814  1319.02   226.27   233.00   231.25  (1, 156, 255)
   1.831  1319.02   228.77   233.00   233.75  (0, 155, 251)
   1.847  1319.02   295.77   233.00   300.75  (2, 152, 254)
   1.864  1319.02   296.52   233.00   301.50  (7, 149, 254)
   1.881  1319.02   306.52   233.00   311.50  (10, 145, 255)
   1.897  1319.02   320.77   233.00   325.75  (14, 141, 255)
   1.914  1319.02   321.02   233.00   326.00  (19, 137, 255)
   1.931  1319.02   405.27   233.00   410.25  (27, 131, 254)
   1.947  1319.02   406.02   233.00   411.00  (34, 127, 255)
   1.964  1319.02   407.02   233.00   412.00  (40, 121, 255)
   1.980  1319.02   482.52   233.00   487.50  (44, 116, 255)
   1.997  1319.02   483.27   233.00   488.25  (52, 111, 255)
   2.014  1319.02   483.77   233.00   488.75  (58, 105, 255)
   2.030  1319.02   484.77   233.00   489.75  (65, 101, 255)
   2.047  1319.02   564.27   233.00   569.25  (71, 95, 255)
   2.064  1319.02   585.77   233.00   590.75  (77, 89, 255)
   2.080  1319.02   586.52   233.00   591.50  (85, 84, 255)
   2.097  1319.02   587.02   233.00   592.00  (91, 80, 255)
   2.130  1319.02   641.27   233.00   646.25  (100, 72, 253)
   2.163  1319.02   691.02   233.00   696.00  (109, 64, 253)
   2.197  1319.02   794.52   233.00   799.50  (119, 56, 254)
   2.213  1319.02   795.02   233.00   800.00  (121, 54, 255)
   2.230  1319.02   797.02   233.00   802.00  (123, 54, 255)
   2.263  1319.02   933.52   233.00   938.50  (127, 51, 255)
   2.297  1319.02   935.02   233.00   940.00  (131, 47, 255)
   2.330  1319.02   966.77   233.00   971.75  (133, 45, 255)
   2.363  1319.02  1011.52   233.00  1016.50  (136, 43, 254)
   2.380  1274.27  1012.27   188.25  1017.25  (80, 184, 255)
   2.396  1319.02  1013.27   233.00  1018.25  (193, 146, 255)
   2.430  1278.77  1153.27   192.75  1158.25  (124, 173, 253)
   2.463  1259.27  1194.02   173.25  1199.00  (152, 214, 248)
