== L50-last: S1-L50-win-seq-1.mov L50 arrow 9 dir right cells 11 body 280.70 pt pitch 28.07 ; board offset (-2.0,-1.5) pt, body dark coverage 0.979
   rest head tip s=294.27 (beyond head centre 13.57 pt = 0.484 pitch), tail edge s=-5.23; ray visible until s=438.5 (then HUD/booster/screen edge)
   t      head_s   tail_s   dhead_pt  dtail_pt  headRGB
   0.000   294.27    -5.23     0.00     0.00  (0, 0, 0)
   0.017   294.27    -5.23     0.00     0.00  (0, 0, 0)
   0.033   294.27    -5.23     0.00     0.00  (0, 0, 0)
   0.050   294.27    -5.23     0.00     0.00  (0, 0, 0)
   0.067   294.27    -5.23     0.00     0.00  (0, 0, 0)
   0.083   294.27    -5.23     0.00     0.00  (0, 0, 0)
   0.100   294.27    -5.23     0.00     0.00  (0, 0, 0)
   0.116   294.27    -5.23     0.00     0.00  (0, 0, 0)
   0.133   294.27    -5.23     0.00     0.00  (0, 0, 0)
   0.150   294.27    -5.23     0.00     0.00  (0, 0, 0)
   0.166   294.27    -5.23     0.00     0.00  (0, 0, 0)
   0.183   294.27    -5.23     0.00     0.00  (0, 0, 0)
   0.200   294.27    -5.23     0.00     0.00  (0, 0, 0)
   0.216   294.27    -5.23     0.00     0.00  (0, 0, 0)
   0.233   294.27    -5.23     0.00     0.00  (0, 0, 0)
   0.250   294.27    -5.23     0.00     0.00  (0, 0, 0)
   0.266   294.27    -5.23     0.00     0.00  (0, 0, 0)
   0.283   294.27    -5.23     0.00     0.00  (0, 0, 0)
   0.300   294.27    -5.23     0.00     0.00  (0, 0, 0)
   0.316   294.27    -5.23     0.00     0.00  (0, 0, 0)
   0.333   294.27    -5.23     0.00     0.00  (0, 0, 0)
   0.349   294.27    -5.23     0.00     0.00  (0, 0, 0)
   0.366   294.27    -5.23     0.00     0.00  (0, 0, 0)
   0.383   294.27    -5.23     0.00     0.00  (0, 0, 0)
   0.399   294.27    -5.23     0.00     0.00  (0, 0, 0)
   0.416   294.27    -5.23     0.00     0.00  (0, 0, 0)
   0.433   294.27    -5.23     0.00     0.00  (0, 0, 0)
   0.449   294.27    -5.23     0.00     0.00  (0, 0, 0)
   0.466   299.02    -0.48     4.75     4.75  (8, 53, 74)
   0.483   304.27     5.02    10.00    10.25  (10, 92, 135)
   0.499   311.77    11.77    17.50    17.00  (13, 123, 181)
   0.516   320.02    20.02    25.75    25.25  (14, 143, 213)
   0.533   329.27    30.02    35.00    35.25  (15, 158, 233)
   0.549   340.27    48.02    46.00    53.25  (16, 163, 240)
   0.566   352.02    52.02    57.75    57.25  (16, 163, 240)
   0.583   364.77    62.27    70.50    67.50  (16, 163, 240)
   0.599   378.77    80.77    84.50    86.00  (16, 163, 240)
   0.616   393.27    95.52    99.00   100.75  (15, 163, 240)
   0.633   409.02   111.27   114.75   116.50  (16, 163, 240)
   0.666   425.77   128.02   131.50   133.25  (16, 163, 240)
   0.682   438.27   160.77   144.00   166.00  (16, 163, 240)
   0.699   438.27   163.77   144.00   169.00  (16, 163, 240)
   0.716   438.27   196.77   144.00   202.00  (16, 163, 240)
   0.732   438.27   205.52   144.00   210.75  (16, 163, 240)
   0.749   438.27   230.02   144.00   235.25  (16, 163, 240)
   0.766   438.27   225.77   144.00   231.00  (16, 163, 240)
   0.782   438.27   138.27   144.00   143.50  (16, 163, 240)
   0.799   438.27   137.27   144.00   142.50  (16, 163, 240)
   0.816   438.27   109.77   144.00   115.00  (16, 163, 240)
   0.832   438.27   109.27   144.00   114.50  (16, 163, 240)
   0.849   438.27    82.77   144.00    88.00  (16, 163, 240)
   0.866   438.27    81.27   144.00    86.50  (16, 163, 240)
   0.882   438.27    -3.48   144.00     1.75  (16, 163, 240)
   0.899   342.27    -4.98    48.00     0.25  (137, 244, 95)
   0.915   343.77    -5.48    49.50    -0.25  (136, 243, 97)
   0.932   344.27    -6.23    50.00    -1.00  (135, 244, 97)
   0.949   344.27    -6.23    50.00    -1.00  (136, 243, 97)
   0.965   371.02    -6.23    76.75    -1.00  (136, 243, 97)
   0.982   372.02    -6.23    77.75    -1.00  (136, 243, 97)
   0.999   372.27    -6.23    78.00    -1.00  (136, 243, 97)
   1.015   372.77    -6.23    78.50    -1.00  (136, 243, 97)
   1.032   373.02    -6.23    78.75    -1.00  (136, 243, 97)
   1.049   373.02    -5.98    78.75    -0.75  (136, 243, 96)
   1.065   373.02    -5.98    78.75    -0.75  (136, 243, 97)
   1.082   373.02    -5.98    78.75    -0.75  (136, 243, 97)
   1.098   372.77    -5.48    78.50    -0.25  (136, 243, 97)
   1.115   372.27    -5.48    78.00    -0.25  (136, 244, 95)
   1.132   372.27    -5.23    78.00     0.00  (136, 244, 95)
   1.148   372.27    -5.23    78.00     0.00  (135, 244, 95)
   1.165   372.27    -4.98    78.00     0.25  (136, 243, 97)
   1.182   372.27    -4.98    78.00     0.25  (136, 243, 98)
   1.198   372.02    -4.48    77.75     0.75  (136, 243, 98)
