== L47-headtap: S1-L47-headtap-long-exit.mov L47 arrow 21 dir right cells 44 body 768.41 pt pitch 17.87 ; board offset (-1.0,-3.5) pt, body dark coverage 0.993
   rest head tip s=780.10 (beyond head centre 11.69 pt = 0.654 pitch), tail edge s=-1.90; ray visible until s=801.6 (then HUD/booster/screen edge)
   t      head_s   tail_s   dhead_pt  dtail_pt  headRGB
   0.000   780.10    -1.90     0.00     0.00  (0, 0, 0)
   0.017   780.10    -1.90     0.00     0.00  (0, 0, 0)
   0.033   780.10    -1.90     0.00     0.00  (0, 0, 0)
   0.050   780.10    -1.90     0.00     0.00  (0, 0, 0)
   0.083   780.10    -1.90     0.00     0.00  (0, 0, 0)
   0.100   780.10    -1.90     0.00     0.00  (0, 0, 0)
   0.116   780.10    -1.90     0.00     0.00  (0, 0, 0)
   0.133   780.10    -1.90     0.00     0.00  (0, 0, 0)
   0.150   780.10    -1.90     0.00     0.00  (0, 0, 0)
   0.166   780.10    -1.90     0.00     0.00  (0, 0, 0)
   0.183   767.10     1.10   -13.00     3.00  (22, 47, 61)
   0.216   764.35    10.35   -15.75    12.25  (52, 114, 149)
   0.233   795.85    16.35    15.75    18.25  (14, 144, 211)
   0.250   801.35    17.10    21.25    19.00  (18, 156, 229)
   0.266   801.35    25.85    21.25    27.75  (68, 151, 196)
   0.283   801.35    33.35    21.25    35.25  (67, 152, 198)
   0.299   801.35    41.60    21.25    43.50  (67, 152, 198)
   0.316   801.35    50.60    21.25    52.50  (67, 152, 198)
   0.333   801.35    60.10    21.25    62.00  (67, 152, 198)
   0.349   801.35    70.10    21.25    72.00  (68, 152, 198)
   0.366   801.35    80.10    21.25    82.00  (86, 158, 194)
   0.383   801.35    91.60    21.25    93.50  (98, 167, 203)
   0.399   801.35   103.35    21.25   105.25  (95, 164, 200)
   0.416   801.35   115.35    21.25   117.25  (88, 161, 199)
   0.433   801.35   127.85    21.25   129.75  (80, 159, 198)
   0.449   801.35   141.35    21.25   143.25  (75, 156, 199)
   0.466   801.35   154.60    21.25   156.50  (68, 151, 196)
   0.483   801.35   168.85    21.25   170.75  (68, 151, 196)
   0.499   801.35   183.10    21.25   185.00  (68, 151, 196)
   0.516   801.35   197.35    21.25   199.25  (68, 152, 197)
   0.532   801.35   212.35    21.25   214.25  (68, 152, 197)
   0.549   801.35   230.35    21.25   232.25  (68, 152, 197)
   0.566   801.35   242.35    21.25   244.25  (68, 152, 197)
   0.582   801.35   258.35    21.25   260.25  (68, 152, 197)
   0.599   801.35   271.60    21.25   273.50  (68, 152, 197)
   0.616   801.35   288.85    21.25   290.75  (68, 152, 197)
   0.649   801.35   323.85    21.25   325.75  (68, 152, 197)
   0.666   801.35   340.60    21.25   342.50  (68, 152, 197)
   0.682   801.35   356.60    21.25   358.50  (68, 152, 197)
   0.699   801.35   374.10    21.25   376.00  (68, 152, 197)
   0.715   801.35   391.85    21.25   393.75  (68, 152, 197)
   0.732   801.35   409.60    21.25   411.50  (68, 152, 197)
   0.749   801.35   427.85    21.25   429.75  (68, 152, 197)
   0.782   801.35   466.10    21.25   468.00  (68, 152, 197)
   0.799   801.35   485.35    21.25   487.25  (68, 152, 197)
   0.815   801.35   502.35    21.25   504.25  (68, 152, 197)
   0.832   801.35   520.85    21.25   522.75  (68, 152, 197)
   0.848   801.35   541.85    21.25   543.75  (68, 152, 197)
   0.865   801.35   559.10    21.25   561.00  (68, 152, 197)
   0.882   801.35   580.35    21.25   582.25  (68, 152, 197)
   0.898   801.35   600.10    21.25   602.00  (68, 152, 197)
   0.915   801.35   620.10    21.25   622.00  (68, 152, 197)
   0.932   801.35   640.10    21.25   642.00  (68, 152, 197)
   0.948   801.35   659.35    21.25   661.25  (68, 152, 197)
   0.965   801.35   679.60    21.25   681.50  (68, 152, 197)
   0.982   801.35   699.35    21.25   701.25  (68, 152, 197)
   0.998   801.35   719.10    21.25   721.00  (68, 152, 197)
   1.015   801.35   739.10    21.25   741.00  (68, 152, 197)
   1.048   801.35   779.10    21.25   781.00  (68, 152, 197)
