== L50-box: S1-L50-box-break.mov L50 arrow 10 dir right cells 6 body 140.35 pt pitch 28.07 ; board offset (-2.0,-1.0) pt, body dark coverage 0.960
   rest head tip s=153.27 (beyond head centre 12.92 pt = 0.460 pitch), tail edge s=-5.23; ray visible until s=297.3 (then HUD/booster/screen edge)
   t      head_s   tail_s   dhead_pt  dtail_pt  headRGB
   0.000   153.27    -5.23     0.00     0.00  (0, 0, 0)
   0.017   153.27    -5.23     0.00     0.00  (0, 0, 0)
   0.033   153.27    -5.23     0.00     0.00  (0, 0, 0)
   0.050   153.27    -5.23     0.00     0.00  (0, 0, 0)
   0.067   153.27    -5.23     0.00     0.00  (0, 0, 0)
   0.083   153.27    -5.23     0.00     0.00  (0, 0, 0)
   0.100   153.27    -5.23     0.00     0.00  (0, 0, 0)
   0.116   153.27    -5.23     0.00     0.00  (0, 0, 0)
   0.133   153.27    -5.23     0.00     0.00  (0, 0, 0)
   0.150   153.27    -5.23     0.00     0.00  (0, 0, 0)
   0.166   153.27    -5.23     0.00     0.00  (0, 0, 0)
   0.183   153.27    -5.23     0.00     0.00  (0, 0, 0)
   0.200   153.27    -5.23     0.00     0.00  (0, 0, 0)
   0.216   153.27    -5.23     0.00     0.00  (0, 0, 0)
   0.233   153.27    -5.23     0.00     0.00  (0, 0, 0)
   0.249   153.27    -5.23     0.00     0.00  (0, 0, 0)
   0.266   153.27    -5.23     0.00     0.00  (0, 0, 0)
   0.283   153.27    -5.23     0.00     0.00  (0, 0, 0)
   0.299   153.27    -5.23     0.00     0.00  (0, 0, 0)
   0.316   153.27    -5.23     0.00     0.00  (0, 0, 0)
   0.333   153.27    -5.23     0.00     0.00  (0, 0, 0)
   0.349   153.27    -5.23     0.00     0.00  (0, 0, 0)
   0.366   153.27    -5.23     0.00     0.00  (0, 0, 0)
   0.383   153.27    -5.23     0.00     0.00  (0, 0, 0)
   0.399   153.27    -5.23     0.00     0.00  (0, 0, 0)
   0.416   153.27    -5.23     0.00     0.00  (0, 0, 0)
   0.433   157.52    -0.48     4.25     4.75  (5, 51, 76)
   0.449   169.27    10.52    16.00    15.75  (10, 119, 174)
   0.466   170.52    40.02    17.25    45.25  (12, 122, 182)
   0.482   181.52    36.27    28.25    41.50  (14, 150, 218)
   0.499   191.52    36.27    38.25    41.50  (16, 160, 236)
   0.516   202.52    47.52    49.25    52.75  (16, 163, 240)
   0.532   214.52    60.02    61.25    65.25  (16, 163, 238)
   0.549   228.27    78.52    75.00    83.75  (16, 163, 240)
   0.566   242.52    87.02    89.25    92.25  (16, 163, 240)
   0.582   256.77   102.52   103.50   107.75  (13, 164, 238)
   0.599   273.77   119.52   120.50   124.75  (15, 163, 240)
   0.616   289.77   135.52   136.50   140.75  (16, 163, 240)
   0.632   297.02   154.77   143.75   160.00  (16, 163, 240)
   0.649   297.02   173.52   143.75   178.75  (16, 163, 240)
   0.665   297.02   192.02   143.75   197.25  (16, 163, 240)
   0.682   297.02   212.02   143.75   217.25  (16, 163, 240)
   0.699   297.02   232.77   143.75   238.00  (16, 163, 240)
   0.715   297.02   251.52   143.75   256.75  (16, 163, 240)
   0.732   297.02   273.52   143.75   278.75  (16, 163, 240)
