== L52-b: S1-L52-three-exits.mov L52 arrow 5 dir left cells 5 body 104.80 pt pitch 26.199 ; board offset (-1.5,+2.0) pt, body dark coverage 0.961
   rest head tip s=110.77 (beyond head centre 5.97 pt = 0.228 pitch), tail edge s=-5.98; ray visible until s=168.8 (then HUD/booster/screen edge)
   t      head_s   tail_s   dhead_pt  dtail_pt  headRGB
   0.000   110.77    -5.98     0.00     0.00  (0, 0, 0)
   0.017   110.77    -5.98     0.00     0.00  (0, 0, 0)
   0.033   110.77    -5.98     0.00     0.00  (0, 0, 0)
   0.050   110.77    -5.98     0.00     0.00  (0, 0, 0)
   0.067   110.77    -5.98     0.00     0.00  (0, 0, 0)
   0.083   110.77    -5.98     0.00     0.00  (0, 0, 0)
   0.100   110.77    -5.98     0.00     0.00  (0, 0, 0)
   0.116   110.77    -5.98     0.00     0.00  (0, 0, 0)
   0.133   110.77    -5.98     0.00     0.00  (0, 0, 0)
   0.150   110.77    -5.98     0.00     0.00  (0, 0, 0)
   0.166   110.77    -5.98     0.00     0.00  (0, 0, 0)
   0.183   110.77    -5.98     0.00     0.00  (0, 0, 0)
   0.200   110.77    -5.98     0.00     0.00  (0, 0, 0)
   0.216   110.77    -5.98     0.00     0.00  (0, 0, 0)
   0.233   110.77    -5.98     0.00     0.00  (0, 0, 0)
   0.250   110.77    -5.98     0.00     0.00  (0, 0, 0)
   0.266   110.77    -5.98     0.00     0.00  (0, 0, 0)
   0.283   110.77    -5.98     0.00     0.00  (0, 0, 0)
   0.300   110.77    -5.98     0.00     0.00  (0, 0, 0)
   0.316   110.77    -5.98     0.00     0.00  (0, 0, 0)
   0.333   110.77    -5.98     0.00     0.00  (0, 0, 0)
   0.349   110.77    -5.98     0.00     0.00  (0, 0, 0)
   0.366   110.77    -5.98     0.00     0.00  (0, 0, 0)
   0.383   110.77    -5.98     0.00     0.00  (0, 0, 0)
   0.399   110.77    -5.98     0.00     0.00  (0, 0, 0)
   0.416   110.77    -5.98     0.00     0.00  (0, 0, 0)
   0.433   110.77    -5.98     0.00     0.00  (0, 0, 0)
   0.449   110.77    -5.98     0.00     0.00  (0, 0, 0)
   0.466   110.77    -5.98     0.00     0.00  (0, 0, 0)
   0.483   110.77    -5.98     0.00     0.00  (0, 0, 0)
   0.499   110.77    -5.98     0.00     0.00  (0, 0, 0)
   0.516   110.77    -5.98     0.00     0.00  (0, 0, 0)
   0.532   110.77    -5.98     0.00     0.00  (0, 0, 0)
   0.549   110.77    -5.98     0.00     0.00  (0, 0, 0)
   0.566   110.77    -5.98     0.00     0.00  (0, 0, 0)
   0.582   110.77    -5.98     0.00     0.00  (0, 0, 0)
   0.599   110.77    -5.98     0.00     0.00  (0, 0, 0)
   0.616   110.77    -5.98     0.00     0.00  (0, 0, 0)
   0.632   110.77    -5.98     0.00     0.00  (0, 0, 0)
   0.649   114.52    -2.23     3.75     3.75  (8, 206, 242)
   0.666   121.52     5.27    10.75    11.25  (6, 194, 249)
   0.682   128.02    12.27    17.25    18.25  (3, 181, 254)
   0.699   136.52    12.27    25.75    18.25  (2, 164, 255)
   0.716   145.52    12.27    34.75    18.25  (2, 156, 255)
   0.732   155.77    12.27    45.00    18.25  (1, 146, 254)
   0.749   166.77    11.77    56.00    17.75  (2, 138, 253)
   0.766   168.52    11.77    57.75    17.75  (22, 98, 222)
   0.782   168.52    11.52    57.75    17.50  (35, 99, 207)
   0.799   168.52    11.27    57.75    17.25  (36, 98, 209)
   0.816   168.52    11.27    57.75    17.25  (37, 97, 211)
   0.832   168.52    11.27    57.75    17.25  (35, 97, 210)
   0.849   168.52    11.27    57.75    17.25  (36, 98, 209)
   0.865   168.52    11.77    57.75    17.75  (36, 99, 207)
   0.882   166.02    12.77    55.25    18.75  (67, 214, 254)
   0.899   166.77    28.27    56.00    34.25  (25, 197, 255)
   0.915   167.52    62.02    56.75    68.00  (2, 188, 255)
   0.932   168.52    62.77    57.75    68.75  (9, 191, 255)
   0.949   168.52   129.02    57.75   135.00  (8, 190, 255)
   0.965   168.52   129.77    57.75   135.75  (23, 189, 250)
   0.982   168.52   130.27    57.75   136.25  (68, 205, 255)
   0.999   168.52   131.02    57.75   137.00  (90, 209, 253)
   1.015   168.52   131.27    57.75   137.25  (110, 212, 254)
   1.032   168.52   132.02    57.75   138.00  (126, 218, 255)
   1.049   168.52   163.77    57.75   169.75  (143, 222, 255)
   1.065   168.52   164.02    57.75   170.00  (159, 226, 254)
