board offset vs JSON (-0.5,-2.0) pt, coverage 1.000 on the settled frame
arrow cells | per-frame inked prefix fraction at t = 0.37 0.42 0.47 0.52 0.57 0.62 0.67 0.72 0.77 0.82 0.87 0.92 0.97 1.02 1.06 1.11 1.16 1.21 1.26 1.31 1.36 1.41 1.46 1.51 1.56
  0   3 |   .     .     .     .     .     .     .     .     .     .    1.00  1.00  1.00  1.00  1.00  1.00  1.00  1.00  1.00  1.00  1.00  1.00  1.00  1.00  1.00
  1   5 |   .     .     .     .     .     .     .     .     .     .    1.00  1.00  1.00  1.00  1.00  1.00  1.00  1.00  1.00  1.00  1.00  1.00  1.00  1.00  1.00
  2   7 |   .     .     .     .     .     .     .     .     .     .    0.95  1.00  1.00  1.00  1.00  1.00  1.00  1.00  1.00  1.00  1.00  1.00  1.00  1.00  1.00
  3   8 |   .     .     .     .     .     .     .     .     .     .    0.91  0.99  1.00  1.00  1.00  1.00  1.00  1.00  1.00  1.00  1.00  1.00  1.00  1.00  1.00
  4   4 |   .     .     .     .     .     .     .     .     .     .    1.00  1.00  1.00  1.00  1.00  1.00  1.00  1.00  1.00  1.00  1.00  1.00  1.00  1.00  1.00
  5  10 |   .     .     .     .     .     .     .     .     .     .    0.83  0.91  0.98  1.00  1.00  1.00  1.00  1.00  1.00  1.00  1.00  1.00  1.00  1.00  1.00
  6  38 |   .     .     .     .     .    0.27  0.32  0.36  0.40  0.45  0.49  0.53  0.57  0.61  0.66  0.70  0.74  0.78  0.83  0.87  0.32  0.32  0.32  0.32  0.32
  7   6 |   .     .     .     .     .    0.58  0.67  0.75  0.84  0.93  1.00  1.00  1.00  1.00  1.00  1.00  1.00  1.00  1.00  1.00  1.00  1.00  1.00  1.00  1.00
  8   3 |   .    0.00  0.41  0.51  0.61  0.73  0.83  0.95  1.00  1.00  1.00  1.00  1.00  1.00  1.00  1.00  1.00  1.00  1.00  1.00  1.00  1.00  1.00  1.00  1.00
  9   3 |  0.00  0.00  0.46  0.56  0.66  0.76  0.88  0.98  1.00  1.00  1.00  1.00  1.00  1.00  1.00  1.00  1.00  1.00  1.00  1.00  1.00  1.00  1.00  1.00  1.00
 10   9 |  0.00  0.00  0.28  0.35  0.42  0.51  0.60  0.65  0.73  0.78  0.89  0.95  1.00  1.00  1.00  1.00  1.00  1.00  1.00  1.00  1.00  1.00  1.00  1.00  1.00
 11   4 |  0.00  0.21  0.34  0.46  0.57  0.67  0.79  0.89  0.98  1.00  1.00  1.00  1.00  1.00  1.00  1.00  1.00  1.00  1.00  1.00  1.00  1.00  1.00  1.00  1.00
 12  17 |  0.00  0.14  0.20  0.26  0.32  0.38  0.44  0.50  0.56  0.62  0.68  0.74  0.80  0.86  0.92  0.98  1.00  1.00  1.00  1.00  1.00  1.00  1.00  0.12  1.00
 13  13 |  0.00  0.16  0.23  0.29  0.36  0.43  0.49  0.56  0.63  0.69  0.76  0.82  0.89  0.95  1.00  1.00  1.00  1.00  1.00  1.00  1.00  1.00  1.00  1.00  1.00
 14   7 |  0.00  0.19  0.33  0.37  0.45  0.54  0.62  0.70  0.82  0.87  0.95  1.00  1.00  1.00  1.00  1.00  1.00  1.00  1.00  1.00  1.00  1.00  1.00  1.00  1.00
 15   8 |  0.00  0.20  0.30  0.35  0.44  0.52  0.60  0.67  0.75  0.84  0.91  1.00  1.00  1.00  1.00  1.00  1.00  1.00  1.00  1.00  1.00  1.00  1.00  1.00  1.00
 16   9 |  0.00  0.19  0.27  0.37  0.40  0.48  0.59  0.65  0.71  0.79  0.88  0.94  1.00  1.00  1.00  1.00  1.00  1.00  1.00  1.00  1.00  1.00  1.00  1.00  1.00
 17   8 |  0.00  0.18  0.28  0.28  0.43  0.53  0.60  0.67  0.75  0.84  0.91  0.99  1.00  1.00  1.00  1.00  1.00  1.00  1.00  1.00  1.00  1.00  1.00  1.00  1.00
 18   5 |  0.00  0.27  0.36  0.44  0.53  0.63  0.77  0.81  0.91  1.00  1.00  1.00  1.00  1.00  1.00  1.00  1.00  1.00  1.00  1.00  1.00  1.00  1.00  1.00  1.00
 19   4 |  0.00  0.18  0.31  0.43  0.54  0.66  0.75  0.87  0.97  1.00  1.00  1.00  1.00  1.00  1.00  1.00  1.00  1.00  1.00  1.00  1.00  1.00  1.00  1.00  1.00
 20   6 |  0.00  0.00  0.34  0.42  0.50  0.58  0.66  0.80  0.84  0.92  1.00  1.00  1.00  1.00  1.00  1.00  1.00  1.00  1.00  1.00  1.00  1.00  1.00  1.00  1.00
 21   4 |  0.00  0.00  0.34  0.48  0.66  0.69  0.74  0.87  0.97  1.00  1.00  1.00  1.00  1.00  1.00  1.00  1.00  1.00  1.00  1.00  1.00  1.00  1.00  1.00  1.00
 22  10 |  0.00  0.20  0.25  0.33  0.42  0.48  0.55  0.65  0.44  0.76  0.86  0.92  0.98  1.00  1.00  1.00  1.00  1.00  1.00  1.00  0.44  0.44  0.88  0.88  0.88
 23  42 |  0.00  0.09  0.14  0.18  0.22  0.26  0.30  0.34  0.38  0.43  0.47  0.51  0.55  0.59  0.63  0.67  0.71  0.76  0.79  0.83  0.87  0.91  0.96  1.00  1.00
 24   5 |  0.25  0.22  0.32  0.47  0.51  0.60  0.70  0.79  0.89  0.99  1.00  1.00  1.00  1.00  1.00  1.00  1.00  1.00  1.00  1.00  1.00  1.00  1.00  1.00  1.00
 25   6 |  0.00  0.20  0.35  0.40  0.50  0.62  0.66  0.76  0.84  0.93  1.00  1.00  1.00  1.00  1.00  1.00  1.00  1.00  1.00  1.00  1.00  1.00  1.00  1.00  1.00
 26   6 |  0.00  0.00  0.34  0.42  0.50  0.58  0.67  0.75  0.84  0.93  1.00  1.00  1.00  1.00  1.00  1.00  1.00  1.00  1.00  1.00  1.00  1.00  1.00  1.00  1.00
 27   6 |  0.00  0.20  0.30  0.40  0.49  0.61  0.65  0.79  0.86  0.93  1.00  1.00  1.00  1.00  1.00  1.00  1.00  1.00  1.00  1.00  1.00  1.00  1.00  1.00  1.00
 28   3 |  0.00  0.29  0.41  0.54  0.66  0.76  0.88  1.00  1.00  1.00  1.00  1.00  1.00  1.00  1.00  1.00  1.00  1.00  1.00  1.00  1.00  1.00  1.00  1.00  1.00
 29   3 |  1.00  0.00  0.39  0.51  0.63  0.76  0.88  1.00  1.00  1.00  1.00  1.00  1.00  1.00  1.00  1.00  1.00  1.00  1.00  1.00  1.00  1.00  1.00  1.00  1.00
 30  11 |  0.00  0.00  0.20  0.31  0.20  0.46  0.53  0.60  0.67  0.74  0.81  0.88  0.95  1.00  1.00  1.00  1.00  1.00  1.00  1.00  1.00  1.00  1.00  1.00  1.00
 31   4 |  0.03  0.00  0.00  0.31  0.33  0.33  0.79  0.89  0.98  1.00  1.00  1.00  1.00  1.00  1.00  1.00  1.00  1.00  1.00  1.00  1.00  1.00  1.00  1.00  1.00
 32   4 |  0.00  0.00  0.00  0.49  0.59  0.69  0.79  0.89  0.98  1.00  1.00  1.00  1.00  1.00  1.00  1.00  1.00  1.00  1.00  1.00  1.00  1.00  1.00  1.00  1.00
 33  23 |   .     .     .     .     .     .     .     .     .    0.55  0.60  0.65  0.71  0.77  0.81  0.86  0.91  0.97  1.00  1.00  1.00  1.00  1.00  1.00  1.00
 34   5 |   .    0.00  0.31  0.48  0.52  0.62  0.77  0.81  0.90  1.00  1.00  1.00  1.00  1.00  1.00  1.00  1.00  1.00  1.00  1.00  1.00  1.00  1.00  1.00  1.00
 35   7 |   .    0.00  0.00  0.36  0.49  0.55  0.63  0.72  0.79  0.88  0.97  1.00  1.00  1.00  1.00  1.00  1.00  1.00  1.00  1.00  1.00  1.00  1.00  1.00  1.00
 36  10 |   .     .     .     .     .     .     .     .     .    0.77  0.87  0.91  0.98  1.00  0.66  1.00  1.00  1.00  1.00  1.00  1.00  1.00  1.00  1.00  1.00
 37  19 |   .     .     .     .     .     .     .     .     .    0.59  0.66  0.71  0.76  0.11  0.87  0.93  0.99  1.00  1.00  1.00  1.00  1.00  1.00  1.00  1.00
 38   9 |   .     .     .     .     .     .     .     .     .    0.78  0.88  0.75  1.00  1.00  0.75  1.00  1.00  1.00  1.00  1.00  1.00  1.00  1.00  1.00  1.00
 39   6 |   .    0.00  0.32  0.39  0.40  0.40  0.66  0.81  0.86  0.93  1.00  1.00  1.00  1.00  0.40  1.00  1.00  1.00  1.00  1.00  1.00  1.00  1.00  1.00  1.00
 40   4 |   .    0.00  0.33  0.51  0.70  0.72  0.33  0.89  0.98  1.00  1.00  1.00  1.00  1.00  1.00  1.00  1.00  1.00  1.00  1.00  1.00  1.00  1.00  1.00  1.00
 41   4 |   .     .     .     .     .    0.69  0.79  0.89  0.98  1.00  1.00  1.00  1.00  1.00  1.00  1.00  1.00  1.00  1.00  1.00  1.00  1.00  1.00  1.00  1.00
 42   5 |   .     .     .     .     .    0.49  0.74  0.81  0.90  1.00  1.00  1.00  1.00  1.00  1.00  1.00  1.00  1.00  1.00  1.00  1.00  1.00  1.00  1.00  1.00
 43   5 |   .     .     .     .     .     .     .     .     .    1.00  1.00  1.00  1.00  1.00  1.00  1.00  1.00  1.00  1.00  1.00  1.00  1.00  1.00  1.00  1.00
 44   4 |   .     .     .     .     .    0.69  0.74  0.87  0.97  1.00  1.00  1.00  1.00  1.00  1.00  1.00  1.00  1.00  1.00  1.00  1.00  1.00  1.00  1.00  1.00
 45   2 |   .     .     .     .     .     .     .     .     .    1.00  1.00  1.00  1.00  1.00  1.00  1.00  1.00  1.00  1.00  1.00  1.00  1.00  1.00  1.00  1.00
 46   5 |   .     .     .     .     .     .     .     .     .    0.99  1.00  1.00  1.00  1.00  1.00  1.00  1.00  1.00  1.00  1.00  1.00  1.00  1.00  1.00  1.00
== summary: time to 25 / 50 / 75 / 98 % drawn (median over arrows fully on screen from the first level frame)
   2-4 cells (n=8): 25%: 0.449  50%: 0.541  75%: 0.649  98%: 0.765
   5-7 cells (n=7): 25%: 0.449  50%: 0.582  75%: 0.699  98%: 0.849
   8-12 cells (n=6): 25%: 0.458  50%: 0.624  75%: 0.790  98%: 0.949
   13-45 cells (n=3): 25%: 0.516  50%: 0.716  75%: 0.932  98%: 1.132
   98% time vs cells: 0.695 + 21.64 ms/cell (n=24)
   50% time vs cells: 0.507 + 10.75 ms/cell
