== S1-L48-play-intro.mov: settled tube thickness 10.00 pt, stroke 3.50 pt, pipes top y 223.5, cyan left x 0.0
   t      s_tube  s_stroke  top_y  fixed_y   ink/final  topLum  boosterPx
   0.300   0.500   1.286   130.0     36.5    1.515    130.4  19058
   0.316   0.500   1.286   130.0     36.5    1.514    130.4  19003
   0.333   0.500   1.286   130.0     36.5    1.515    130.4  19058
   0.349   0.500   1.286   130.0     36.5    1.514    130.4  19003
   0.366   0.500   1.286   130.0     36.5    1.515    130.4  19058
   0.383   8.250   1.714   130.0    236.4    0.089    234.0  0
   0.399   1.150   1.571   130.0    846.8    0.267    242.4  0
   0.416   1.550   1.571   130.0    393.5    0.311    246.3  0
   0.433   1.450   1.429   130.0    431.3    0.347    248.6  0
   0.449   1.450   1.429   130.0    431.3    0.378    250.1  0
   0.466   1.450   1.429   134.0    422.4    0.402    252.1  0
   0.483   1.400   1.429   138.0    437.3    0.424    254.1  0
   0.499   1.400   1.429   142.0    427.3    0.436    255.0  0
   0.516   1.400   1.429   145.5    418.5    0.478    255.0  0
   0.532   1.350   1.429   149.0    436.4    0.490    255.0  0
   0.549   1.350   1.429   152.5    426.4    0.519    255.0  0
   0.566   1.300   1.286   155.5    450.2    0.528    255.0  0
   0.582   1.300   1.286   158.5    440.2    0.560    255.0  0
   0.599   1.300   1.286   161.5    430.2    0.582    255.0  0
   0.616   1.250   1.286   164.5    459.5    0.629    255.0  0
   0.632   1.300   1.286   167.5    410.2    0.648    255.0  0
   0.649   1.200   1.286   170.0    491.0    0.665    255.0  0
   0.666   1.250   1.286   172.5    427.5    0.699    255.0  0
   0.682   1.250   1.286   175.0    417.5    0.706    255.0  0
   0.699   1.250   1.286   177.5    407.5    0.726    255.0  0
   0.716   1.250   1.143   179.5    399.5    0.745    255.0  0
   0.732   1.200   1.143   181.5    433.5    0.768    255.0  0
   0.749   1.200   1.143   183.5    423.5    0.787    255.0  0
   0.765   1.200   1.143   185.5    413.5    0.804    255.0  0
   0.782   1.200   1.143   187.5    403.5    0.834    255.0  0
   0.799   1.150   1.143   189.5    450.2    0.857    255.0  0
   0.815   1.150   1.143   191.5    436.8    0.890    255.0  0
   0.832   1.100   1.143   193.0    528.5    0.921    255.0  0
   0.849   1.150   1.143   194.5    416.8    0.950    255.0  0
   0.865   1.100   1.143   196.0    498.5    0.972    255.0  0
   0.882   1.150   1.143   197.5    396.8    0.965    255.0  0
   0.899   1.150   1.143   199.0    386.8    0.985    255.0  0
   0.915   1.100   1.143   200.5    453.5    0.985    255.0  0
   0.932   1.100   1.143   202.0    438.5    1.005    255.0  0
   0.949   1.100   1.143   203.0    428.5    1.000    255.0  0
   0.965   1.100   1.143   204.5    413.5    1.010    255.0  0
   0.982   1.100   1.143   205.5    403.5    1.010    255.0  0
   0.998   1.100   1.000   206.5    393.5    1.004    255.0  0
   1.015   1.100   1.143   208.0    378.5    1.010    255.0  0
   1.032   1.100   1.000   209.0    368.5    1.009    255.0  0
   1.048   1.100   1.143   210.0    358.5    1.045    255.0  0
   1.065   1.050   1.000   211.0    473.5    1.009    255.0  0
   1.082   1.050   1.000   211.5    463.5    1.017    255.0  0
   1.098   1.050   1.000   212.5    443.5    1.008    255.0  0
   1.115   1.050   1.000   213.5    423.5    0.995    255.0  0
   1.132   1.050   1.000   214.5    403.5    1.005    255.0  0
   1.148   1.050   1.000   215.0    393.5    0.997    255.0  0
   1.165   1.000   1.000   215.5      nan    0.992    255.0  0
   1.181   1.050   1.000   216.5    363.5    0.992    255.0  0
   1.198   1.050   1.000   217.0    353.5    0.981    255.0  0
   1.215   1.050   1.000   217.5    343.5    0.980    255.0  0
   1.231   1.050   1.000   218.5    323.5    0.980    255.0  0
   1.248   1.000   1.000   219.0      nan    0.999    255.0  0
   1.265   1.050   1.000   219.5    303.5    0.989    255.0  0
   1.281   1.050   1.000   220.0    293.5    0.989    255.0  0
   1.298   1.050   1.000   220.5    283.5    0.973    255.0  0
   1.315   1.050   1.000   220.5    283.5    0.989    255.0  0
   1.331   1.000   1.000   221.0      nan    0.995    255.0  0
   1.348   1.050   1.000   221.5    263.5    0.970    255.0  0
   1.365   1.050   0.857   222.0    253.5    0.957    255.0  0
   1.381   1.000   0.857   222.5      nan    0.928    255.0  0
   1.398   1.000   1.000   222.5      nan    0.961    244.7  0
   1.414   1.000   1.000   222.5      nan    0.981    231.1  0
   1.431   1.050   1.000   223.0    233.5    0.989    226.9  0
   1.448   1.000   1.000   223.0      nan    0.999    225.5  0
   1.464   1.000   1.000   223.0      nan    0.993    225.5  0
   1.481   1.000   1.000   223.5      nan    0.990    225.5  2443
   1.498   0.650   1.000   130.0    -43.6    0.985    226.8  4927
   1.514   0.650   1.000   130.0    -43.6    0.994    228.8  8515
   1.531   0.650   1.000   130.0    -43.6    0.997    230.4  8510
   1.548   0.700   1.000   130.0    -88.2    0.990    231.7  8537
   1.564   0.700   1.000   130.0    -88.2    0.990    231.9  8520
   1.581   0.700   1.000   130.0    -88.2    0.991    231.2  8510
   1.597   0.650   1.000   130.0    -43.6    1.000    229.5  8505
   1.614   0.650   1.000   130.0    -43.6    1.000    228.4  8505
   1.631   0.700   1.000   130.0    -88.2    1.000    226.4  8514
   1.647   1.000   1.000   130.0      nan    1.000    225.5  8512
   1.664   1.000   1.000   223.5      nan    1.000    225.5  8529
   1.681   1.000   1.000   223.5      nan    1.000    225.5  8525
   1.697   1.000   1.000   223.5      nan    1.000    225.5  8527
   1.714   1.000   1.000   223.5      nan    1.000    224.5  8524
   1.731   1.000   1.000   223.5      nan    1.000    224.9  8523
   1.747   1.000   1.000   223.5      nan    1.000    224.9  8522
   1.764   1.000   1.000   223.5      nan    1.000    224.9  8522
   1.781   1.000   1.000   223.5      nan    1.000    222.6  8528
   1.797   0.925   1.000   223.5    223.5    1.000    223.1  8528
   1.830   0.975   1.000   223.5    223.5    1.000    223.8  8530
   1.897   0.975   1.000   223.5    223.5    1.000    222.4  8528
   1.964   1.000   1.000   223.5      nan    1.000    223.7  8526
   2.030   0.900   1.000   223.5    223.5    0.999    222.1  8530
   2.097   0.925   1.000   223.5    223.5    0.999    223.3  8528
   2.213   0.950   1.000   223.5    223.5    1.000    223.3  8527
   2.313   0.975   1.000   223.5    223.5    1.000    223.3  8528
   2.413   0.975   1.000   223.5    223.5    1.000    223.3  8526
   2.513   0.975   1.000   223.5    223.5    1.000    223.3  8525
   2.629   0.900   1.000   223.5    223.5    0.999    223.3  8536
   2.746   0.900   1.000   223.5    223.5    0.999    223.3  8533
   2.846   0.950   1.000   223.5    223.5    0.999    223.3  8545
   2.946   0.950   1.000   223.5    223.5    0.999    223.3  8545
   3.045   0.900   1.000   223.5    223.5    0.999    223.3  8541
   3.162   0.900   1.000   223.5    223.5    0.999    223.3  8540
   3.262   0.900   1.000   223.5    223.5    0.999    223.3  8540
   3.378   0.900   1.000   223.5    223.5    0.999    223.3  8540
   3.478   0.900   1.000   223.5    223.5    0.999    223.3  8540
   3.595   1.000   1.000   223.5      nan    1.000    223.3  8534
   3.711   0.950   1.000   223.5    223.5    1.000    223.3  8531
== S1-L49-play-intro-superhard.mov: settled tube thickness 13.50 pt, stroke 3.00 pt, pipes top y 184.5, cyan left x 0.0
   t      s_tube  s_stroke  top_y  fixed_y   ink/final  topLum  boosterPx
   0.366   0.370   1.333   130.0     97.9    0.910    130.4  19099
   0.383   0.370   1.333   130.0     97.9    0.909    130.4  19078
   0.399   0.370   1.333   130.0     97.9    0.910    130.4  19099
   0.416   0.370   1.333   130.0     97.9    0.909    130.4  19078
   0.433   1.056   1.500   130.0   1165.5    0.056    158.3  4480
   0.449   1.185   1.500   130.0    478.8    0.247    179.0  10581
   0.466   1.185   1.500   130.0    478.8    0.260    182.5  10275
   0.483   1.444   1.333   130.5    306.0    0.299    187.2  10136
   0.499   1.111   1.500   130.0    675.0    0.320    190.7  8942
   0.516   1.074   1.333   130.0    920.2    0.355    194.0  8408
   0.532   1.074   1.333   130.0    920.2    0.375    197.8  8345
   0.549   1.111   1.333   130.0    675.0    0.400    201.1  8352
   0.566   1.333   1.333   130.0    348.0    0.428    204.2  7513
   0.582   1.296   1.333   130.0    368.4    0.452    207.4  6823
   0.599   1.296   1.333   130.0    368.4    0.477    210.1  6626
   0.616   1.148   1.333   130.0    552.4    0.497    212.6  6061
   0.632   1.259   1.333   130.0    394.7    0.521    215.2  5551
   0.649   1.148   1.333   130.0    552.4    0.541    217.9  4610
   0.666   1.222   1.333   130.5    427.5    0.558    220.1  2560
   0.682   1.259   1.167   130.0    394.7    0.575    222.5  1622
   0.699   1.222   1.167   130.0    429.7    0.611    224.6  1739
   0.716   1.185   1.167   130.0    478.8    0.630    226.3  326
   0.732   1.185   1.167   130.0    478.8    0.654    228.7  292
   0.749   1.185   1.167   130.0    478.8    0.666    230.7  0
   0.765   1.148   1.167   132.5    535.5    0.673    232.6  0
   0.782   1.148   1.167   135.0    518.6    0.701    234.3  0
   0.799   1.148   1.167   137.5    501.8    0.721    235.9  0
   0.815   1.148   1.167   139.5    488.3    0.728    237.5  0
   0.832   1.148   1.167   142.0    471.4    0.738    240.0  0
   0.849   1.185   1.167   144.0    403.2    0.749    242.3  0
   0.865   1.111   1.167   146.5    526.5    0.766    243.9  0
   0.882   1.111   1.167   148.0    513.0    0.795    246.1  0
   0.899   1.111   1.167   150.0    495.0    0.819    247.8  0
   0.915   1.148   1.167   152.0    403.9    0.876    249.4  0
   0.932   1.074   1.167   154.0    596.2    0.894    250.8  0
   0.949   1.074   1.167   155.5    576.0    0.913    252.1  0
   0.965   1.074   1.000   157.0    555.7    0.927    253.5  0
   0.982   1.074   1.000   159.0    528.7    0.938    254.7  0
   0.998   1.074   1.000   160.5    508.5    0.942    255.0  0
   1.015   1.037   1.000   161.5    805.5    0.960    255.0  0
   1.032   1.074   1.000   163.0    474.7    0.970    255.0  0
   1.048   1.037   1.000   164.5    724.5    0.956    255.0  0
   1.065   1.037   1.000   166.0    684.0    0.965    255.0  0
   1.082   1.037   1.000   167.0    657.0    0.968    255.0  0
   1.098   1.074   1.000   168.0    407.2    0.989    255.0  0
   1.115   1.074   1.000   169.5    387.0    0.979    255.0  0
   1.132   1.037   1.000   170.5    562.5    0.970    255.0  0
   1.148   1.000   1.000   171.5      nan    0.974    255.0  0
   1.165   1.000   1.000   172.5      nan    0.977    255.0  0
   1.181   1.037   1.000   173.5    481.5    0.975    255.0  0
   1.198   1.000   1.000   174.5      nan    0.999    255.0  0
   1.215   1.000   1.000   175.0      nan    0.986    255.0  0
   1.231   1.000   1.000   176.0      nan    0.986    255.0  0
   1.248   1.037   1.000   176.5    400.5    0.987    255.0  0
   1.265   1.074   1.000   177.5    279.0    0.983    255.0  0
   1.281   1.000   1.000   178.0      nan    0.975    255.0  0
   1.298   1.000   1.000   179.0      nan    0.977    255.0  0
   1.315   1.000   1.000   179.5      nan    0.998    255.0  0
   1.331   1.000   1.000   180.0      nan    0.987    255.0  0
   1.348   1.000   1.000   180.5      nan    0.975    255.0  0
   1.365   1.037   1.000   181.0    279.0    0.973    255.0  0
   1.381   0.963   1.000   181.5    103.5    0.985    255.0  0
   1.398   1.000   1.000   182.0      nan    0.970    255.0  0
   1.414   1.000   1.000   182.0      nan    0.978    255.0  0
   1.431   0.963   1.000   182.5    130.5    0.982    255.0  0
   1.448   1.000   1.000   183.0      nan    0.998    244.6  0
   1.464   0.963   1.000   183.0    144.0    0.982    230.9  0
   1.481   0.963   1.000   183.5    157.5    0.997    226.9  0
   1.498   0.963   1.000   183.5    157.5    0.966    225.6  0
   1.514   0.963   1.000   184.0    171.0    0.973    225.6  0
   1.548   0.963   1.000   130.0  -1287.0    0.993    227.0  4987
   1.581   1.000   1.000   130.0      nan    0.998    230.6  8556
   1.597   1.000   1.000   130.0      nan    0.997    231.9  8510
   1.631   1.000   1.000   130.0      nan    1.000    231.4  8531
   1.647   1.000   1.000   130.0      nan    0.999    229.7  8523
   1.681   1.000   1.000   130.0      nan    1.000    226.6  8517
   1.714   1.000   1.000   184.5      nan    1.000    225.6  8520
   1.731   1.000   1.000   184.5      nan    1.001    225.6  8536
   1.764   1.000   1.000   184.5      nan    1.001    224.7  8533
   1.780   1.000   1.000   184.5      nan    1.001    225.1  8531
   1.814   1.000   1.000   184.5      nan    1.000    225.1  8531
   1.914   1.000   1.000   184.5      nan    1.000    225.0  8528
   2.030   1.000   1.000   184.5      nan    1.000    221.5  8527
   2.130   1.000   1.000   184.5      nan    1.000    223.5  8528
   2.230   1.000   1.000   184.5      nan    1.000    223.4  8539
   2.346   1.000   1.000   184.5      nan    1.000    223.5  8537
   2.446   1.000   1.000   184.5      nan    1.000    223.5  8539
   2.546   1.000   1.000   184.5      nan    1.000    223.5  8538
   2.646   1.000   1.000   184.5      nan    1.000    223.5  8538
   2.762   1.000   1.000   184.5      nan    1.000    223.5  8539
   2.879   1.000   1.000   184.5      nan    1.000    223.5  8534
   2.978   1.000   1.000   184.5      nan    1.000    223.5  8537
   3.078   1.000   1.000   184.5      nan    1.000    223.5  8536
   3.195   1.000   1.000   184.5      nan    1.000    223.5  8536
   3.311   1.000   1.000   184.5      nan    1.000    223.5  8536
   3.411   1.000   1.000   184.5      nan    1.000    223.4  8534
   3.511   1.000   1.000   184.5      nan    1.000    223.4  8534
   3.611   1.000   1.000   184.5      nan    1.000    223.4  8534
   3.727   1.000   1.000   184.5      nan    1.000    223.5  8534
   3.844   1.000   1.000   184.5      nan    1.000    223.5  8515
