0.466 edge_r 2.0  L(r=0,3,6..): [253, 254, 254, 254, 254, 254, 254, 254, 254, 254, 254, 254, 254, 254]
0.482 edge_r 2.0  L(r=0,3,6..): [253, 254, 254, 254, 254, 254, 254, 254, 254, 254, 254, 254, 254, 254]
0.499 edge_r 11.0  L(r=0,3,6..): [180, 180, 193, 242, 254, 254, 254, 254, 254, 254, 254, 254, 254, 254]
0.549 edge_r 14.5  L(r=0,3,6..): [199, 199, 203, 230, 241, 254, 254, 254, 254, 254, 254, 254, 254, 254]
0.566 edge_r 15.5  L(r=0,3,6..): [208, 208, 210, 232, 236, 253, 254, 254, 254, 254, 254, 254, 254, 254]
0.582 edge_r 16.5  L(r=0,3,6..): [215, 215, 217, 234, 235, 249, 254, 254, 254, 254, 254, 254, 254, 254]
0.599 edge_r 17.5  L(r=0,3,6..): [221, 221, 222, 236, 237, 244, 254, 254, 254, 254, 254, 254, 254, 254]
0.616 edge_r 18.5  L(r=0,3,6..): [227, 227, 228, 239, 240, 241, 253, 254, 254, 254, 254, 254, 254, 254]
0.632 edge_r 19.5  L(r=0,3,6..): [233, 233, 234, 241, 241, 242, 251, 254, 254, 254, 254, 254, 254, 254]
0.682 edge_r 21.0  L(r=0,3,6..): [246, 246, 246, 246, 247, 246, 247, 254, 254, 254, 254, 254, 254, 254]
0.699 edge_r 21.0  L(r=0,3,6..): [248, 248, 248, 248, 248, 248, 249, 253, 254, 254, 254, 254, 254, 254]
0.715 edge_r 21.5  L(r=0,3,6..): [250, 250, 250, 250, 250, 249, 250, 253, 254, 254, 254, 254, 254, 254]
0.732 edge_r 21.0  L(r=0,3,6..): [250, 250, 250, 250, 250, 250, 250, 253, 254, 254, 254, 254, 254, 254]
0.749 edge_r 1.5  L(r=0,3,6..): [252, 252, 252, 252, 252, 252, 252, 253, 254, 254, 254, 254, 254, 254]
0.765 edge_r 1.5  L(r=0,3,6..): [253, 253, 253, 253, 253, 253, 253, 254, 254, 254, 254, 254, 254, 254]
