0.250 edge_r 3.5  L(r=0,3,6..): [-1, 254, 254, 254, 254, 254, 254, 254, 254, 254, 254, 254, 254, 254]
0.266 edge_r 11.0  L(r=0,3,6..): [-1, 180, 193, 242, 254, 254, 254, 254, 254, 254, 254, 254, 254, 254]
0.283 edge_r 12.0  L(r=0,3,6..): [-1, 184, 192, 231, 254, 254, 254, 254, 254, 254, 254, 254, 254, 254]
0.299 edge_r 13.0  L(r=0,3,6..): [-1, 191, 196, 228, 249, 254, 254, 254, 254, 254, 254, 254, 254, 254]
0.316 edge_r 14.5  L(r=0,3,6..): [-1, 199, 202, 230, 241, 254, 254, 254, 254, 254, 254, 254, 254, 254]
0.333 edge_r 15.5  L(r=0,3,6..): [-1, 207, 209, 232, 235, 253, 254, 254, 254, 254, 254, 254, 254, 254]
0.349 edge_r 16.5  L(r=0,3,6..): [-1, 215, 216, 234, 235, 248, 254, 254, 254, 254, 254, 254, 254, 254]
0.366 edge_r 17.5  L(r=0,3,6..): [-1, 221, 222, 237, 238, 243, 254, 255, 254, 254, 254, 254, 254, 254]
0.383 edge_r 18.5  L(r=0,3,6..): [-1, 227, 228, 239, 240, 241, 253, 255, 254, 254, 254, 254, 254, 254]
0.399 edge_r 19.0  L(r=0,3,6..): [-1, 232, 234, 241, 242, 242, 251, 255, 254, 254, 254, 254, 255, 254]
0.416 edge_r 20.0  L(r=0,3,6..): [-1, 237, 239, 243, 244, 244, 249, 254, 254, 254, 254, 254, 254, 254]
0.433 edge_r 20.5  L(r=0,3,6..): [-1, 242, 243, 245, 246, 245, 247, 254, 254, 254, 254, 254, 254, 254]
0.449 edge_r 21.0  L(r=0,3,6..): [-1, 246, 247, 247, 247, 247, 247, 254, 254, 254, 254, 254, 254, 254]
0.466 edge_r 21.5  L(r=0,3,6..): [-1, 248, 249, 249, 249, 249, 249, 253, 254, 254, 254, 254, 254, 254]
0.483 edge_r 21.5  L(r=0,3,6..): [-1, 249, 250, 250, 250, 250, 249, 253, 254, 254, 254, 254, 254, 254]
0.499 edge_r 21.0  L(r=0,3,6..): [-1, 250, 251, 251, 251, 251, 250, 253, 254, 254, 254, 254, 254, 254]
0.516 edge_r 3.0  L(r=0,3,6..): [-1, 252, 253, 253, 253, 253, 252, 253, 254, 254, 254, 254, 254, 254]
0.532 edge_r 3.0  L(r=0,3,6..): [-1, 254, 254, 254, 254, 254, 254, 254, 254, 254, 254, 254, 254, 254]
0.549 edge_r 3.0  L(r=0,3,6..): [-1, 254, 255, 255, 255, 255, 255, 255, 254, 254, 254, 254, 254, 254]
