0.516 edge_r 1.0  L(r=0,3,6..): [254, 254, 254, 253, 254, 254, 254, 254, 254, 254, 254, 254, 254, 254]
0.532 edge_r 11.0  L(r=0,3,6..): [180, 180, 191, 238, 254, 254, 254, 254, 254, 254, 254, 254, 254, 254]
0.566 edge_r 13.5  L(r=0,3,6..): [191, 192, 196, 227, 245, 254, 254, 254, 254, 254, 254, 254, 254, 254]
0.582 edge_r 14.5  L(r=0,3,6..): [199, 200, 202, 229, 237, 254, 254, 254, 254, 254, 254, 254, 254, 254]
0.599 edge_r 16.0  L(r=0,3,6..): [207, 208, 209, 231, 234, 251, 254, 254, 254, 254, 254, 254, 254, 254]
0.616 edge_r 17.0  L(r=0,3,6..): [215, 215, 216, 233, 235, 245, 254, 254, 254, 254, 254, 254, 254, 254]
0.632 edge_r 18.0  L(r=0,3,6..): [220, 221, 221, 235, 237, 240, 254, 254, 254, 254, 254, 254, 254, 254]
0.649 edge_r 19.0  L(r=0,3,6..): [226, 226, 227, 238, 239, 239, 252, 254, 254, 254, 254, 254, 254, 254]
0.666 edge_r 19.5  L(r=0,3,6..): [232, 232, 233, 240, 241, 241, 248, 254, 254, 254, 254, 254, 254, 254]
0.682 edge_r 20.5  L(r=0,3,6..): [237, 238, 238, 243, 243, 243, 246, 254, 254, 254, 254, 254, 254, 254]
0.699 edge_r 21.0  L(r=0,3,6..): [242, 242, 243, 245, 245, 245, 246, 254, 254, 254, 254, 254, 254, 254]
0.716 edge_r 21.5  L(r=0,3,6..): [246, 247, 246, 246, 246, 246, 246, 253, 254, 254, 254, 254, 254, 254]
0.732 edge_r 22.0  L(r=0,3,6..): [248, 248, 248, 248, 248, 248, 248, 252, 254, 254, 254, 254, 254, 254]
0.749 edge_r 22.5  L(r=0,3,6..): [249, 250, 249, 249, 249, 249, 249, 251, 254, 254, 254, 254, 254, 254]
0.765 edge_r 22.5  L(r=0,3,6..): [250, 250, 250, 250, 250, 250, 250, 251, 254, 254, 254, 254, 254, 254]
0.782 edge_r 1.0  L(r=0,3,6..): [252, 253, 252, 252, 252, 252, 252, 253, 254, 254, 254, 254, 254, 254]
0.799 edge_r 1.0  L(r=0,3,6..): [253, 254, 253, 253, 253, 253, 253, 253, 254, 254, 254, 254, 254, 254]
