t      bgLum(y640-700,x150-250)  dotSat(board)  dotHueMean  blueSign(px)  purple(px)  white3D(px) bboxWhite(x0-x1)  panelBlue  confetti
0.300   254.1      0     nan      0      0      0    nan-   nan      0      0
0.316   254.1      0     nan      0      0      0    nan-   nan      0      0
0.333   254.1      0     nan      0      0      0    nan-   nan      0      0
0.349   254.1      0     nan      0      0      0    nan-   nan      0      0
0.366   254.1      0     nan      0      0      0    nan-   nan      0      0
0.383   254.1      0     nan      0      0      0    nan-   nan      0      0
0.399   254.1      0     nan      0      0      0    nan-   nan      0      0
0.416   254.1      0     nan      0      0      0    nan-   nan      0      0
0.433   254.1      0     nan      0      0      0    nan-   nan      0      0
0.449   254.1      0     nan      0      0      0    nan-   nan      0      0
0.466   254.1      0     nan      0      0      0    nan-   nan      0      0
0.483   254.1      8   199.5      0      0      0    nan-   nan      0      0
0.499   254.1    194   199.7      0      0      0    nan-   nan      0      0
0.516   254.1    194   200.0    148      0      0    nan-   nan      0      0
0.533   254.1    235   199.9    146      0      0    nan-   nan      0      0
0.549   254.1    228   199.9    138      0      0    nan-   nan      0      0
0.566   254.1    237   199.9    143      0      0    nan-   nan      0      0
0.583   254.1    232   199.9    150      0      0    nan-   nan      0      0
0.599   254.1    229   199.8    150      0      0    nan-   nan      0      0
0.616   254.1    229   199.7    154      0      0    nan-   nan      0      0
0.633   254.1    211   199.6    168      0      0    nan-   nan      0      0
0.666   254.1    193   199.7    180      0      0    nan-   nan      0      0
0.682   254.1    166   199.6    170      0      0    nan-   nan      0      0
0.699   254.1    164   199.6    169      0      0    nan-   nan      0      0
0.716   254.1    142   210.4    160      0      0    nan-   nan      0      0
0.732   254.1    144   216.8    154      0      0    nan-   nan      0      0
0.749   254.1    133   225.4    138      0      0    nan-   nan      0      0
0.766   254.1    133   217.2    124      0      0    nan-   nan      0      0
0.782   254.1    144   189.6    110      0      0    nan-   nan      0      0
0.799   254.1    150   167.3     94      0      0    nan-   nan      0      0
0.816   254.1    159   142.3     78      0      0    nan-   nan      0      0
0.832   254.1    182   116.6     64      0      0    nan-   nan      0      0
0.849   254.1    210    94.9     47      0      0    nan-   nan      0      0
0.866   254.1    217    81.0     32      0      0    nan-   nan      0      0
0.882   254.1    269    73.1     15      0      0    nan-   nan      0      0
0.899   254.1    323    71.3      0      0      0    nan-   nan      0      0
0.915   254.1    373    68.5      0      0      0    nan-   nan      0      0
0.932   254.1    411    69.5      0      0      0    nan-   nan      0      0
0.949   254.1    453    72.1      0      0      0    nan-   nan      0      0
0.965   254.1    494    77.1      0      0      0    nan-   nan      0      0
0.982   254.1    557    82.8      0      0      0    nan-   nan      0      0
0.999   254.1    585    87.2      0      0      0    nan-   nan      0      0
1.015   254.1    605    92.1      0      0      0    nan-   nan      0      0
1.032   254.1    632    96.2      0      0      0    nan-   nan      0      0
1.049   254.1    648   101.1      0      0      0    nan-   nan      0      0
1.065   254.1    661   107.0      0      0      0    nan-   nan      0      0
1.082   254.1    655   114.1      0      0      0    nan-   nan      0      0
1.098   254.1    659   118.7      0      0      0    nan-   nan      0      0
1.115   254.1    640   123.0      0      0      0    nan-   nan      0      0
1.132   253.4    639   129.4      0      0      0    nan-   nan      0      0
1.148   252.5    612   134.4      0      0      0    nan-   nan      0      0
1.165   251.8    605   139.9      0      0      0    nan-   nan      0      0
1.182   251.4    580   146.3     43      0      0    nan-   nan      0      0
1.198   250.6    552   152.0    161      0      0    nan-   nan      0      0
1.215   249.8    539   159.8     68      0      0    nan-   nan      0      0
1.232   249.4    519   168.4     13      0      0    nan-   nan      0      0
1.248   249.3    495   177.0      0      0      0    nan-   nan      0      0
1.265   249.3    456   183.1    132      0      0    nan-   nan    119      0
1.282   249.4    607   194.8    686      0      0    nan-   nan    561      0
1.298   249.6   1131   206.6   1310      0      0    nan-   nan    964      0
1.315   249.8   1778   209.0   1920      0      0    nan-   nan   1275      0
1.331   250.0   2284   210.1   2382      0      0    nan-   nan   1486      0
1.348   250.2   2823   210.7   2804      0      0    nan-   nan   1560      0
1.365   250.6   3259   210.4   2882      0      0    nan-   nan   1575      0
1.381   250.9   2998   199.9   1459      0      0    nan-   nan    802      0
1.398   251.2   1817   174.0   1306      0      0    nan-   nan    650      0
1.415   251.6   2543   118.3   1157      0      0    nan-   nan    571      0
1.431   251.9   2521   115.6   1024      4      0    nan-   nan    539      0
1.448   252.2   2448   121.3    989      8      0    nan-   nan    534      0
1.465   252.6   2601   131.1   1005     80      0    nan-   nan    523      0
1.481   252.9   2868   142.2   1029   1025      0    nan-   nan    497      0
1.498   253.1   3197   154.2   1052   1133      0    nan-   nan    517      0
1.515   253.4   3555   163.4   1042   1209      0    nan-   nan    493      0
1.531   253.6   3918   169.7   1030   1293      0    nan-   nan    485      0
1.548   253.7   4190   173.2    979   1380      0    nan-   nan    445      0
1.564   253.9   4408   176.1    993   1450      0    nan-   nan    452      0
1.581   254.0   4569   177.6    998   1520      0    nan-   nan    451      0
1.598   254.1   4674   179.2   1013   1586      0    nan-   nan    463      0
1.614   254.2   4726   180.4   1013   1629      0    nan-   nan    466      0
1.631   254.3   4791   181.1    996   1684      0    nan-   nan    465      0
1.648   254.4   4786   180.3    966   1685      0    nan-   nan    452      0
1.664   254.5   4782   179.2    919   1687      0    nan-   nan    423      0
1.681   254.5   4766   177.7    858   1694      0    nan-   nan    399      0
1.698   254.6   4733   175.8    820   1687      0    nan-   nan    380      0
1.731   254.7   4724   173.3    708   1116      0    nan-   nan    348      0
1.764   254.8   4131   156.2    643    592      0    nan-   nan    348      0
1.781   254.8   3946   150.4    638    368      0    nan-   nan    356      0
1.797   254.9   3333   125.8    628    254      0    nan-   nan    348      0
1.831   254.9   3076   113.2    626    134      0    nan-   nan    341      0
1.864   254.9   3044   110.6    633    117      0    nan-   nan    343      0
1.897   255.0   3083   112.4    641    139      0    nan-   nan    344      0
1.914   255.0   3103   113.9    650    152      0    nan-   nan    343      0
1.931   255.0   3121   114.7    646    170      0    nan-   nan    341      0
1.964   255.0   3180   117.4    648    206      0    nan-   nan    342      0
1.997   255.0   3208   118.9    647    244      0    nan-   nan    342      0
2.014   255.0   3223   119.8    644    263      0    nan-   nan    339      0
2.030   255.0   3244   121.0    644    275      0    nan-   nan    339      0
2.064   234.0   3293   123.5    641    339      0    nan-   nan    337      0
2.097   213.0   3326   125.0    644    376      0    nan-   nan    339      0
2.114   202.0   3336   125.4    645    385      0    nan-   nan    338      0
2.130   191.0   3356   126.3    649    402   4274    0.0- 390.0    340      0
2.164   169.0   3374   127.1    651    430   4116    0.0- 390.0    344      0
2.197   148.0   3375   127.0    651    388   3948    0.0- 390.0    344      0
2.213   137.0   3353   126.0    651    376   3846    0.0- 390.0    344      0
2.230   126.0   3332   125.0    651    363   3694    0.0- 390.0    344      0
2.263   104.0   3269   121.9    650    293   3199   18.0- 390.0    343    246
2.297    83.0   3268   121.7    651    283   2504   45.0- 378.0    344    251
2.313    72.0   3312   123.9    651    322   2108   48.0- 363.0    344    313
2.347    49.0   3536   134.5    648    422   1322   51.0- 348.0    340    443
2.363    39.6   3961   153.9    705    944    900   51.0- 348.0    341   1002
2.397    32.1   3078   155.4    570    702    661   69.0- 327.0    266    999
2.430    35.8   3568   153.8    574    753    832   60.0- 336.0    301   1093
2.463    47.0   4171   150.5    596    825   1055   48.0- 351.0    289   1291
2.480    51.7   4291   148.5    611    828   1153   45.0- 354.0    290   1440
2.497    59.7   4382   146.1    610    799   1169   42.0- 354.0    278   1478
2.530    53.9   4403   146.5    578    801   1160   42.0- 354.0    262   1407
2.563    45.7   4331   148.3    596    802   1153   45.0- 354.0    243   1306
2.596    41.8   4290   152.4    658    777   1088   48.0- 351.0    268   1252
2.613    42.9   4254   154.3    728    773   1059   48.0- 351.0    291   1243
2.630    43.5   4246   156.1    773    769   1062   48.0- 348.0    312   1208
2.663    47.6   4223   155.6    761    771   1058   48.0- 348.0    300   1200
2.696    51.6   4253   154.5    731    765   1058   48.0- 348.0    294   1181
2.730    47.1   4218   153.8    693    765   1051   48.0- 348.0    285   1173
2.746    45.8   4200   153.0    691    762   1041   48.0- 348.0    282   1165
2.763    44.4   4172   151.9    694    760   1051   48.0- 348.0    283   1141
2.796    41.6   4129   151.7    682    754   1056   48.0- 348.0    282   1129
2.829    44.3   4118   151.8    664    754   1059   48.0- 348.0    274   1131
2.846    46.2   4132   152.2    670    756   1063   48.0- 348.0    277   1139
2.863    47.9   4122   152.0    672    757   1068   48.0- 348.0    275   1131
2.896    48.5   4124   152.4    690    756   1053   48.0- 348.0    274   1266
2.929    50.0   4171   153.8    695    756   1041   48.0- 348.0    287   1352
2.946    50.9   4203   153.6    686    756   1030   48.0- 348.0    282   1366
2.963    53.0   4188   153.4    684    753   1023   48.0- 348.0    288   1350
2.996    44.9   4202   154.1    719    753   1022   48.0- 348.0    277   1487
3.029    44.7   4302   154.5    803    753   1133   48.0- 348.0    274   1676
3.046    42.1   4274   155.0    813    753   1121   48.0- 348.0    284   1705
3.079    45.2   4347   155.4    830    754   1147   48.0- 348.0    304   1736
3.096    42.6   4389   155.1    843    756   1160   48.0- 348.0    305   1711
3.129    45.8   4560   155.5    872    754   1058   48.0- 348.0    302   1755
3.162    42.2   4625   155.4    874    757   1016   48.0- 360.0    321   1704
3.179    41.2   4631   154.6    868    758   1007   48.0- 363.0    317   1690
3.212    40.1   4585   154.7    841    755   1005   48.0- 384.0    312   1632
3.229    37.8   4634   154.5    871    756   1106   48.0- 360.0    322   1641
3.262    35.1   4558   154.9    843    756   1107   48.0- 375.0    324   1657
3.295    33.8   4498   155.2    817    756   1159   48.0- 348.0    315   1653
3.312    33.4   4495   155.8    812    756   1132   39.0- 387.0    312   1640
3.329    33.6   4538   156.0    788    754   1063   39.0- 348.0    316   1626
3.362    34.2   4535   156.0    762    755   1031   24.0- 348.0    301   1553
3.395    33.8   4485   157.4    722    756   1024   12.0- 348.0    289   1503
3.412    33.8   4450   157.5    723    755   1033    3.0- 348.0    286   1487
3.429    33.6   4557   157.8    710    754   1291    3.0- 348.0    292   1449
3.462    34.2   4444   156.4    700    757   1241   48.0- 348.0    285   1432
3.495    34.6   4419   154.9    700    761   1355   48.0- 348.0    276   1429
3.512    34.8   4457   156.2    709    753   1332   48.0- 348.0    281   1444
3.528    35.0   4537   157.5    720    753   1153   48.0- 348.0    281   1442
3.562    35.3   4569   156.9    731    754   1147   48.0- 348.0    280   1439
3.595    35.7   4649   156.7    736    752   1097   36.0- 348.0    283   1435
3.612    36.1   4688   156.7    745    752   1043   48.0- 348.0    283   1438
3.628    36.3   4640   156.3    741    753   1024   48.0- 348.0    285   1437
3.661    36.7   4594   156.4    739    753   1017   48.0- 348.0    282   1435
3.695    36.5   4538   155.4    746    754   1075   48.0- 348.0    285   1403
3.728    36.1   4521   155.8    745    755   1032   45.0- 348.0    284   1387
3.761    36.8   4477   155.5    732    753   1004   27.0- 348.0    286   1395
3.778    37.1   4432   155.9    716    753   1003   30.0- 348.0    282   1375
3.795    37.0   4406   155.8    726    752   1010   27.0- 348.0    282   1399
3.828    36.3   4395   155.0    691    753   1016    6.0- 366.0    278   1380
3.861    35.2   4389   155.7    672    752   1006   48.0- 348.0    276   1359
3.878    34.7   4369   155.1    672    752    999   48.0- 348.0    276   1340
3.894    34.0   4343   154.9    681    751   1003   48.0- 348.0    271   1337
3.928    32.9   4341   155.0    674    753   1046   48.0- 348.0    269   1296
3.961    32.4   4363   154.2    677    754   1068   48.0- 348.0    275   1312
3.978    32.5   4372   153.9    675    753   1023   48.0- 348.0    272   1273
3.994    32.6   4401   153.5    677    754   1006   48.0- 348.0    272   1278
4.028    32.2   4397   153.8    671    753   1003   48.0- 348.0    274   1256
4.061    32.4   4372   153.9    668    754    998   48.0- 348.0    275   1262
4.078    33.1   4338   152.6    662    752    999   48.0- 348.0    273   1257
4.094    33.9   4337   152.6    668    752    999   48.0- 348.0    274   1248
4.127    37.3   4274   152.7    657    752    999   48.0- 348.0    279   1210
4.161    38.9   4245   152.6    653    752    998   48.0- 348.0    274   1198
4.177    39.9   4226   153.0    650    752   1030   48.0- 348.0    272   1174
4.211    42.3   4207   153.2    634    752   1054   48.0- 348.0    273   1172
4.227    43.4   4217   153.4    629    752   1035   48.0- 348.0    272   1167
4.261    43.4   4205   153.0    629    752   1004   48.0- 348.0    272   1179
4.294    41.3   4177   153.4    620    752    998   48.0- 348.0    269   1178
4.311    40.3   4166   153.3    622    753    999   48.0- 348.0    270   1195
4.327    39.0   4144   152.7    611    752    999   48.0- 348.0    270   1197
4.360    36.6   4126   152.0    605    752    999   48.0- 348.0    264   1168
4.394    35.0   4122   152.3    584    752    998   48.0- 348.0    261   1134
4.410    34.8   4107   151.8    582    752    998   48.0- 348.0    264   1129
4.427    34.5   4103   151.5    573    752    998   48.0- 348.0    265   1114
4.460    32.6   4088   151.6    563    752    998   48.0- 348.0    267   1080
4.494    31.1   4091   151.7    560    752    998   48.0- 348.0    270   1057
4.510    30.7   4088   151.5    565    752    999   48.0- 348.0    272   1046
4.527    30.6   4091   151.5    566    752   1000   48.0- 348.0    275   1041
4.560    30.5   4065   151.0    580    752   1000   48.0- 348.0    276   1024
4.593    30.6   4052   150.3    585    752    998   48.0- 348.0    278   1011
4.610    31.0   4054   150.4    578    752    998   48.0- 348.0    275   1004
4.627    31.0   4048   150.4    585    752    998   48.0- 348.0    278    994
4.660    31.5   4043   149.8    593    753    998   48.0- 348.0    282    989
4.693    31.4    346   195.3     81      0     45    nan-   nan     18    261
4.727    31.0  12807   180.9  10033      0    785  102.0- 363.0   5684   6671
4.743    30.5  12873   181.3   9812      0    809  105.0- 360.0   5739   6432
4.760    30.1  12906   181.2   9714      0    738  105.0- 360.0   5649   6339
4.793    29.7  12843   181.4  10125      0    793  105.0- 360.0   5679   6698
4.826    29.7  12795   180.7  10787      0    891  102.0- 366.0   5757   7515
4.860    31.9  12841   180.2  11414      0    825  102.0- 366.0   5706   8140
4.876    31.7  12844   180.2  11607      0    836  102.0- 366.0   5702   8325
4.893    31.5  12846   180.2  11716      0    839  102.0- 366.0   5693   8446
4.926    31.4  12843   180.4  11787      0    836  102.0- 366.0   5702   8613
4.960    31.1  12852   180.4  11788      0    913  102.0- 366.0   5722   8661
4.976    31.1  12849   180.4  11798      0    921  102.0- 366.0   5719   8668
4.993    31.0  12849   180.5  11798      0    922  102.0- 366.0   5720   8667
5.026    31.0  12849   180.5  11800      0    922  102.0- 366.0   5720   8666
5.059    31.1  12849   180.5  11792      0    922  102.0- 366.0   5720   8667
5.093    31.0  12848   180.4  11790      0    922  102.0- 366.0   5718   8662
5.109    31.0  12846   180.3  11795      0    918  102.0- 366.0   5705   8660
5.126    31.0  12846   180.3  11790      0    919  102.0- 366.0   5709   8658
5.159    30.9  12846   180.3  11794      0    914  102.0- 366.0   5705   8647
5.193    30.8  12846   180.3  11790      0    914  102.0- 366.0   5709   8644
5.209    30.7  12846   180.3  11795      0    915  102.0- 366.0   5705   8645
5.226    30.6  12846   180.3  11789      0    917  102.0- 366.0   5708   8646
5.259    30.5  12846   180.3  11794      0    909  102.0- 366.0   5702   8643
5.292    30.4  12846   180.3  11789      0    912  102.0- 366.0   5703   8641
5.309    30.3  12846   180.3  11793      0    908  102.0- 366.0   5697   8643
5.326    30.3  12847   180.3  11788      0    906  102.0- 366.0   5700   8641
5.359    30.3  12847   180.3  11790      0    905  102.0- 366.0   5694   8642
5.392    30.3  12846   180.3  11784      0    911  102.0- 366.0   5694   8641
5.425    30.2  12844   180.3  11784      0    915  102.0- 366.0   5686   8642
5.442    30.2  12841   180.1  11788      0    912  102.0- 366.0   5667   8639
5.459    30.2  12846   180.1  11786      0    920  102.0- 366.0   5669   8638
5.492    30.2  12844   180.0  11783      0    915  102.0- 366.0   5661   8639
5.525    30.2  12844   180.0  11783      0    916  102.0- 366.0   5664   8638
5.542    30.2  12845   180.0  11783      0    916  102.0- 366.0   5657   8639
5.559    30.2  12845   180.0  11781      0    916  102.0- 366.0   5662   8639
5.592    30.2  12845   180.0  11780      0    917  102.0- 366.0   5652   8639
5.625    30.2  12845   180.0  11774      0    916  102.0- 366.0   5656   8639
5.642    30.2  12844   180.0  11775      0    916  102.0- 366.0   5649   8639
5.658    30.2  12845   180.0  11772      0    917  102.0- 366.0   5653   8639
5.692    30.2  12844   180.0  11773      0    918  102.0- 366.0   5645   8639
5.725    30.2  12840   180.0  11765      0    917  102.0- 366.0   5648   8639
5.742    30.2  12839   180.0  11764      0    918  102.0- 366.0   5641   8639
5.758    30.2  12838   180.0  11763      0    919  102.0- 366.0   5647   8639
5.792    30.2  12836   180.0  11763      0    919  102.0- 366.0   5639   8639
5.825    30.2  12836   180.0  11757      0    922  102.0- 366.0   5640   8639
5.841    30.2  12831   180.1  11759      0    931  102.0- 366.0   5639   8640
5.858    30.2  12832   180.1  11755      0    928  102.0- 366.0   5638   8639
5.891    30.2  12830   180.1  11754      0    929  102.0- 366.0   5647   8638
5.925    30.2  12832   180.1  11748      0    931  102.0- 366.0   5641   8638
5.941    30.2  12830   180.0  11751      0    929  102.0- 366.0   5641   8638
5.958    30.2  12840   180.0  11748      0    922  102.0- 366.0   5637   8636
5.991    30.2  12836   180.0  11742      0    922  102.0- 366.0   5640   8637
6.025    30.2  12841   180.0  11741      0    924  102.0- 366.0   5637   8637
6.041    30.2  12841   180.0  11739      0    924  102.0- 366.0   5635   8637
6.058    30.2  12841   180.0  11739      0    922  102.0- 366.0   5634   8637
6.091    30.2  12840   180.0  11738      0    924  102.0- 366.0   5635   8637
6.124    30.2  12837   180.0  11735      0    920  102.0- 366.0   5631   8637
6.141    30.2  12837   180.0  11733      0    922  102.0- 366.0   5633   8637
6.158    30.2  12838   180.0  11731      0    923  102.0- 366.0   5629   8637
6.191    30.2  12830   180.1  11730      0    929  102.0- 366.0   5636   8635
6.224    30.2  12830   180.2  11738      0    926  102.0- 366.0   5639   8636
6.241    30.2  12827   180.1  11731      0    932  102.0- 366.0   5634   8637
6.258    30.2  12829   180.1  11727      0    932  102.0- 366.0   5635   8634
6.291    30.2  12828   180.1  11722      0    929  102.0- 366.0   5637   8635
6.324    30.2  12828   180.1  11728      0    932  102.0- 366.0   5637   8635
6.341    30.2  12826   180.1  11727      0    934  102.0- 366.0   5636   8636
6.374    30.2  12826   180.1  11729      0    934  102.0- 366.0   5635   8636
6.391    30.2  12825   180.1  11730      0    933  102.0- 366.0   5634   8636
6.424    30.2  12824   180.1  11728      0    935  102.0- 366.0   5633   8636
6.457    30.2  12824   180.1  11732      0    939  102.0- 366.0   5629   8636
6.474    30.2  12825   180.1  11729      0    938  102.0- 366.0   5629   8636
6.490    30.2  12825   180.1  11729      0    938  102.0- 366.0   5629   8636
6.524    30.2  12824   180.2  11730      0    939  102.0- 366.0   5635   8636
6.557    30.2  12826   180.2  11731      0    936  102.0- 366.0   5635   8636
6.574    30.2  12824   180.2  11727      0    935  102.0- 366.0   5638   8636
6.590    30.2  12824   180.2  11728      0    934  102.0- 366.0   5645   8636
6.624    30.2  12825   180.2  11726      0    932  102.0- 366.0   5648   8636
6.657    30.2  12825   180.2  11735      0    933  102.0- 366.0   5653   8636
6.674    30.2  12823   180.2  11729      0    933  102.0- 366.0   5661   8636
6.707    30.2  12823   180.2  11729      0    931  102.0- 366.0   5666   8636
6.723    30.2  12824   180.2  11725      0    931  102.0- 366.0   5666   8636
6.757    30.2  12825   180.2  11729      0    933  102.0- 366.0   5667   8636
6.790    30.2  12826   180.1  11726      0    935  102.0- 366.0   5671   8636
6.807    30.2  12825   180.1  11724      0    934  102.0- 366.0   5671   8636
6.823    30.2  12824   180.1  11723      0    935  102.0- 366.0   5677   8636
6.857    30.2  12822   180.1  11719      0    933  102.0- 366.0   5685   8636
6.890    30.2  12822   180.1  11720      0    935  102.0- 366.0   5688   8636
6.907    30.2  12822   180.1  11727      0    937  102.0- 366.0   5690   8636
6.923    30.2  12822   180.1  11725      0    937  102.0- 366.0   5695   8636
6.956    30.2  12817   180.0  11739      0    943  102.0- 366.0   5687   8635
6.990    30.2  12814   180.1  11740      0    937  102.0- 366.0   5688   8635
7.006    30.2  12814   180.1  11740      0    938  102.0- 366.0   5686   8636
7.023    30.2  12816   180.0  11740      0    939  102.0- 366.0   5689   8636
7.056    30.2  12814   180.1  11734      0    939  102.0- 366.0   5685   8636
7.090    30.2  12811   180.1  11737      0    939  102.0- 366.0   5680   8639
7.106    30.2  12813   180.1  11735      0    937  102.0- 366.0   5680   8639
7.123    30.2  12813   180.1  11734      0    939  102.0- 366.0   5679   8639
7.156    30.2  12814   180.1  11730      0    939  102.0- 366.0   5674   8637
7.189    30.2  12819   180.0  11733      0    940  102.0- 366.0   5664   8637
7.206    30.2  12819   180.0  11729      0    941  102.0- 366.0   5656   8636
7.239    30.2  12819   180.0  11729      0    939  102.0- 366.0   5657   8637
7.256    30.2  12820   180.0  11733      0    939  102.0- 366.0   5651   8636
7.289    30.2  12821   180.0  11732      0    938  102.0- 366.0   5652   8637
7.323    30.2  12825   180.0  11734      0    936  102.0- 366.0   5646   8636
7.339    30.2  12824   180.0  11735      0    935  102.0- 366.0   5646   8636
7.356    30.2  12824   180.0  11735      0    936  102.0- 366.0   5645   8636
7.389    30.2  12825   180.1  11743      0    937  102.0- 366.0   5645   8636
7.422    30.2  12824   180.1  11742      0    934  102.0- 366.0   5643   8636
7.439    30.2  12821   180.1  11743      0    934  102.0- 366.0   5647   8636
7.456    30.2  12822   180.1  11743      0    934  102.0- 366.0   5649   8636
7.489    30.2  12825   180.1  11745      0    935  102.0- 366.0   5651   8636
7.522    30.2  12828   180.1  11745      0    933  102.0- 366.0   5646   8636
7.539    30.2  12829   180.1  11746      0    932  102.0- 366.0   5647   8636
7.556    30.2  12830   180.1  11747      0    930  102.0- 366.0   5646   8636
7.589    30.2  12834   180.1  11747      0    929  102.0- 366.0   5647   8636
7.622    30.2  12834   180.1  11750      0    928  102.0- 366.0   5645   8636
7.639    30.2  12834   180.1  11749      0    929  102.0- 366.0   5645   8636
7.655    30.2  12835   180.1  11750      0    930  102.0- 366.0   5646   8636
7.689    30.2  12834   180.1  11758      0    927  102.0- 366.0   5650   8636
7.722    30.2  12838   180.0  11761      0    929  102.0- 366.0   5654   8637
7.739    30.2  12840   180.0  11760      0    929  102.0- 366.0   5653   8637
7.772    30.2  12837   180.1  11759      0    931  102.0- 366.0   5670   8634
7.789    30.2  12843   180.2  11760      0    930  102.0- 366.0   5669   8635
7.822    30.2  12838   180.2  11761      0    928  102.0- 366.0   5679   8637
7.855    30.2  12839   180.2  11762      0    928  102.0- 366.0   5677   8637
7.872    30.2  12836   180.2  11764      0    929  102.0- 366.0   5684   8639
7.888    30.2  12834   180.2  11760      0    928  102.0- 366.0   5684   8637
7.922    30.2  12832   180.2  11762      0    930  102.0- 366.0   5693   8637
7.955    30.2  12835   180.0  11755      0    931  102.0- 366.0   5694   8635
7.972    30.2  12835   180.0  11752      0    931  102.0- 366.0   5692   8635
7.988    30.2  12835   180.0  11751      0    931  102.0- 366.0   5691   8635
8.022    30.2  12835   180.0  11749      0    930  102.0- 366.0   5686   8635
8.055    30.2  12834   180.0  11746      0    926  102.0- 366.0   5686   8635
8.071    30.2  12836   180.0  11743      0    928  102.0- 366.0   5686   8635
8.088    30.2  12839   180.0  11744      0    929  102.0- 366.0   5685   8633
8.121    30.2  12834   180.0  11741      0    929  102.0- 366.0   5681   8633
8.155    30.2  12835   180.0  11743      0    931  102.0- 366.0   5683   8632
8.171    30.2  12836   180.0  11745      0    931  102.0- 366.0   5683   8632
8.188    30.2  12836   180.0  11747      0    930  102.0- 366.0   5679   8631
8.221    30.2  12832   180.0  11741      0    932  102.0- 366.0   5674   8631
8.254    30.2  12831   180.0  11739      0    932  102.0- 366.0   5670   8632
8.271    30.2  12832   180.0  11741      0    932  102.0- 366.0   5670   8633
8.288    30.2  12830   180.0  11742      0    932  102.0- 366.0   5670   8633
8.321    30.2  12829   180.0  11741      0    932  102.0- 366.0   5669   8632
8.354    30.2  12831   180.0  11742      0    935  102.0- 366.0   5667   8632
8.371    30.2  12831   180.0  11739      0    933  102.0- 366.0   5664   8631
8.388    30.2  12833   180.0  11740      0    931  102.0- 366.0   5665   8631
8.421    30.2  12833   180.0  11747      0    932  102.0- 366.0   5662   8631
8.454    30.2  12830   180.0  11743      0    931  102.0- 366.0   5660   8632
8.471    30.2  12832   180.0  11743      0    934  102.0- 366.0   5668   8633
8.487    30.2  12831   180.0  11736      0    934  102.0- 366.0   5662   8633
8.521    30.2  12835   179.9  11744      0    932  102.0- 366.0   5657   8633
8.554    30.2  12831   179.9  11750      0    933  102.0- 366.0   5652   8633
8.571    30.2  12834   180.0  11748      0    932  102.0- 366.0   5657   8632
8.587    30.2  12836   180.0  11748      0    931  102.0- 366.0   5652   8632
8.620    30.2  12837   180.1  11755      0    931  102.0- 366.0   5646   8633
8.654    30.2  12836   180.1  11757      0    932  102.0- 366.0   5642   8632
8.687    30.2  12835   180.1  11755      0    933  102.0- 366.0   5638   8632
8.720    30.2  12837   180.1  11755      0    933  102.0- 366.0   5637   8632
8.737    30.2  12836   180.1  11758      0    934  102.0- 366.0   5638   8632
8.754    30.2  12837   180.1  11757      0    933  102.0- 366.0   5641   8632
8.787    30.2  12840   180.1  11760      0    930  102.0- 366.0   5644   8631
8.820    30.2  12842   180.1  11763      0    932  102.0- 366.0   5650   8632
8.837    30.2  12842   180.1  11765      0    932  102.0- 366.0   5655   8632
8.853    30.2  12841   180.1  11768      0    932  102.0- 366.0   5654   8632
8.887    30.2  12838   180.1  11768      0    930  102.0- 366.0   5660   8633
8.920    30.2  12840   180.1  11771      0    930  102.0- 366.0   5668   8633
8.937    30.2  12840   180.1  11771      0    934  102.0- 366.0   5675   8633
8.953    30.2  12841   180.1  11761      0    933  102.0- 366.0   5683   8635
8.987    30.2  12840   180.1  11760      0    929  102.0- 366.0   5678   8635
9.020    30.2  12843   180.1  11759      0    927  102.0- 366.0   5678   8634
9.037    30.2  12844   180.1  11759      0    927  102.0- 366.0   5678   8635
9.053    30.2  12844   180.1  11761      0    926  102.0- 366.0   5676   8635
9.086    30.2  12846   180.1  11762      0    927  102.0- 366.0   5673   8635
9.120    30.2  12846   180.1  11767      0    928  102.0- 366.0   5672   8635
9.136    30.2  12846   180.1  11768      0    929  102.0- 366.0   5672   8635
9.153    30.2  12846   180.1  11767      0    930  102.0- 366.0   5671   8635
9.186    30.2  12845   180.1  11771      0    929  102.0- 366.0   5671   8635
9.220    30.2  12845   180.1  11769      0    928  102.0- 366.0   5672   8636
9.236    30.2  12844   180.1  11759      0    928  102.0- 366.0   5681   8637
9.270    30.2  12842   180.1  11756      0    929  102.0- 366.0   5680   8637
9.286    30.2  12842   180.1  11757      0    927  102.0- 366.0   5679   8638
9.319    30.2  12844   180.1  11754      0    929  102.0- 366.0   5673   8638
9.353    30.2  12842   180.1  11749      0    928  102.0- 366.0   5676   8639
9.369    30.2  12840   180.1  11751      0    926  102.0- 366.0   5673   8638
9.386    30.2  12840   180.1  11753      0    928  102.0- 366.0   5672   8638
9.419    30.2  12838   180.1  11748      0    930  102.0- 366.0   5674   8638
9.453    30.2  12836   180.1  11747      0    930  102.0- 366.0   5684   8638
9.469    30.2  12839   180.1  11746      0    931  102.0- 366.0   5684   8638
9.486    30.2  12839   180.1  11747      0    932  102.0- 366.0   5684   8638
9.519    30.2  12838   180.1  11746      0    933  102.0- 366.0   5682   8638
9.552    30.2  12836   180.1  11742      0    928  102.0- 366.0   5680   8638
9.569    30.2  12839   180.1  11746      0    929  102.0- 366.0   5679   8638
9.586    30.2  12841   180.1  11742      0    929  102.0- 366.0   5678   8638
9.619    30.2  12840   180.1  11739      0    932  102.0- 366.0   5677   8638
9.652    30.2  12839   180.1  11745      0    930  102.0- 366.0   5675   8638
9.669    30.2  12841   180.1  11748      0    931  102.0- 366.0   5673   8638
9.702    30.2  12838   180.1  11745      0    931  102.0- 366.0   5671   8638
9.719    30.2  12838   180.1  11743      0    931  102.0- 366.0   5671   8638
9.752    30.2  12838   180.1  11736      0    933  102.0- 366.0   5670   8638
9.785    30.2  12837   180.1  11734      0    932  102.0- 366.0   5668   8638
9.802    30.2  12839   180.1  11733      0    932  102.0- 366.0   5667   8638
9.819    30.2  12840   180.1  11729      0    932  102.0- 366.0   5667   8638
9.852    30.2  12836   180.1  11726      0    931  102.0- 366.0   5665   8638
9.885    30.2  12835   180.1  11726      0    933  102.0- 366.0   5663   8638
9.919    30.2  12834   180.1  11726      0    935  102.0- 366.0   5659   8638
9.935    30.2  12831   180.1  11723      0    935  102.0- 366.0   5660   8638
